1.00000000e+00	3.82219164e-06	
1.10000000e+00	1.33776708e-05	
1.20000000e+00	7.64438329e-06	
1.30000000e+00	1.71998624e-05	
1.40000000e+00	2.10220540e-05	
1.50000000e+00	1.71998624e-05	
1.60000000e+00	3.82219164e-05	
1.70000000e+00	2.29331499e-05	
1.80000000e+00	4.96884914e-05	
1.90000000e+00	4.77773956e-05	
2.00000000e+00	4.96884914e-05	
2.10000000e+00	5.15995872e-05	
2.20000000e+00	6.11550663e-05	
2.30000000e+00	7.45327371e-05	
2.40000000e+00	8.02660245e-05	
2.50000000e+00	5.73328747e-05	
2.60000000e+00	7.45327371e-05	
2.70000000e+00	1.07021366e-04	
2.80000000e+00	1.01288079e-04	
2.90000000e+00	9.93769828e-05	
3.00000000e+00	9.93769828e-05	
3.10000000e+00	1.20399037e-04	
3.20000000e+00	1.18487941e-04	
3.30000000e+00	1.89198486e-04	
3.40000000e+00	1.31865612e-04	
3.50000000e+00	1.83465199e-04	
3.60000000e+00	1.68176432e-04	
3.70000000e+00	1.75820816e-04	
3.80000000e+00	1.66265337e-04	
3.90000000e+00	2.00665061e-04	
4.00000000e+00	1.93020678e-04	
4.10000000e+00	2.44620265e-04	
4.20000000e+00	2.12131636e-04	
4.30000000e+00	2.50353553e-04	
4.40000000e+00	2.25509307e-04	
4.50000000e+00	2.33153690e-04	
4.60000000e+00	2.75197798e-04	
4.70000000e+00	3.30619577e-04	
4.80000000e+00	2.73286703e-04	
4.90000000e+00	2.71375607e-04	
5.00000000e+00	3.45908344e-04	
5.10000000e+00	3.40175056e-04	
5.20000000e+00	3.51641631e-04	
5.30000000e+00	3.84130260e-04	
5.40000000e+00	3.68841494e-04	
5.50000000e+00	3.49730535e-04	
5.60000000e+00	3.47819440e-04	
5.70000000e+00	4.01330123e-04	
5.80000000e+00	4.07063410e-04	
5.90000000e+00	3.49730535e-04	
6.00000000e+00	4.41463135e-04	
6.10000000e+00	3.97507931e-04	
6.20000000e+00	4.56751902e-04	
6.30000000e+00	5.37017926e-04	
6.40000000e+00	5.46573405e-04	
6.50000000e+00	5.38929022e-04	
6.60000000e+00	6.01995184e-04	
6.70000000e+00	6.61239155e-04	
6.80000000e+00	5.58039980e-04	
6.90000000e+00	6.00084088e-04	
7.00000000e+00	6.57416963e-04	
7.10000000e+00	6.24928334e-04	
7.20000000e+00	6.78439017e-04	
7.30000000e+00	6.59328059e-04	
7.40000000e+00	7.16660933e-04	
7.50000000e+00	7.51060658e-04	
7.60000000e+00	7.77816000e-04	
7.70000000e+00	7.54882850e-04	
7.80000000e+00	8.10304629e-04	
7.90000000e+00	7.52971754e-04	
8.00000000e+00	8.16037916e-04	
8.10000000e+00	8.16037916e-04	
8.20000000e+00	8.50437641e-04	
8.30000000e+00	8.48526545e-04	
8.40000000e+00	9.53636815e-04	
8.50000000e+00	8.54259833e-04	
8.60000000e+00	9.03948324e-04	
8.70000000e+00	1.00905859e-03	
8.80000000e+00	9.59370103e-04	
8.90000000e+00	1.01479188e-03	
9.00000000e+00	1.06065818e-03	
9.10000000e+00	1.03008065e-03	
9.20000000e+00	1.07785804e-03	
9.30000000e+00	1.03199174e-03	
9.40000000e+00	1.12563544e-03	
9.50000000e+00	1.18105722e-03	
9.60000000e+00	1.18105722e-03	
9.70000000e+00	1.11034667e-03	
9.80000000e+00	1.09505791e-03	
9.90000000e+00	1.22119023e-03	
1.00000000e+01	1.28807858e-03	
1.01000000e+01	1.33012269e-03	
1.02000000e+01	1.31483393e-03	
1.03000000e+01	1.38554447e-03	
1.04000000e+01	1.41229981e-03	
1.05000000e+01	1.41421091e-03	
1.06000000e+01	1.30145626e-03	
1.07000000e+01	1.46198830e-03	
1.08000000e+01	1.41229981e-03	
1.09000000e+01	1.42185529e-03	
1.10000000e+01	1.50976570e-03	
1.11000000e+01	1.53652104e-03	
1.12000000e+01	1.46198830e-03	
1.13000000e+01	1.61296487e-03	
1.14000000e+01	1.56136529e-03	
1.15000000e+01	1.54989871e-03	
1.16000000e+01	1.71425295e-03	
1.17000000e+01	1.84038528e-03	
1.18000000e+01	1.62252035e-03	
1.19000000e+01	1.90154034e-03	
1.20000000e+01	1.77158583e-03	
1.21000000e+01	1.90154034e-03	
1.22000000e+01	1.84611856e-03	
1.23000000e+01	1.97416198e-03	
1.24000000e+01	1.92638459e-03	
1.25000000e+01	2.01811719e-03	
1.26000000e+01	1.97033979e-03	
1.27000000e+01	2.09647212e-03	
1.28000000e+01	2.15380499e-03	
1.29000000e+01	2.17482705e-03	
1.30000000e+01	2.07162787e-03	
1.31000000e+01	2.18247143e-03	
1.32000000e+01	2.15762718e-03	
1.33000000e+01	2.16144938e-03	
1.34000000e+01	2.28949280e-03	
1.35000000e+01	2.37549211e-03	
1.36000000e+01	2.36402553e-03	
1.37000000e+01	2.43855827e-03	
1.38000000e+01	2.33153690e-03	
1.39000000e+01	2.35064786e-03	
1.40000000e+01	2.49780224e-03	
1.41000000e+01	2.45575813e-03	
1.42000000e+01	2.62202347e-03	
1.43000000e+01	2.51882429e-03	
1.44000000e+01	2.56086840e-03	
1.45000000e+01	2.58762374e-03	
1.46000000e+01	2.61629018e-03	
1.47000000e+01	2.69846730e-03	
1.48000000e+01	2.79593319e-03	
1.49000000e+01	2.83606620e-03	
1.50000000e+01	2.77491113e-03	
1.51000000e+01	2.96028743e-03	
1.52000000e+01	2.87428812e-03	
1.53000000e+01	2.92015442e-03	
1.54000000e+01	2.91251003e-03	
1.55000000e+01	3.07113099e-03	
1.56000000e+01	3.06157551e-03	
1.57000000e+01	3.06348660e-03	
1.58000000e+01	3.10744181e-03	
1.59000000e+01	3.15330811e-03	
1.60000000e+01	3.14757482e-03	
1.61000000e+01	3.37117303e-03	
1.62000000e+01	3.14184153e-03	
1.63000000e+01	3.35206207e-03	
1.64000000e+01	3.33104002e-03	
1.65000000e+01	3.42659481e-03	
1.66000000e+01	3.52023850e-03	
1.67000000e+01	3.52214960e-03	
1.68000000e+01	3.49921645e-03	
1.69000000e+01	3.47819440e-03	
1.70000000e+01	3.67121507e-03	
1.71000000e+01	3.60432672e-03	
1.72000000e+01	3.85850247e-03	
1.73000000e+01	3.77632534e-03	
1.74000000e+01	3.86041356e-03	
1.75000000e+01	3.86996904e-03	
1.76000000e+01	3.88908000e-03	
1.77000000e+01	3.92539082e-03	
1.78000000e+01	4.07063410e-03	
1.79000000e+01	4.21587738e-03	
1.80000000e+01	4.07636739e-03	
1.81000000e+01	4.07445629e-03	
1.82000000e+01	4.14707793e-03	
1.83000000e+01	4.29041012e-03	
1.84000000e+01	4.29041012e-03	
1.85000000e+01	4.33627642e-03	
1.86000000e+01	4.26556588e-03	
1.87000000e+01	4.48725299e-03	
1.88000000e+01	4.40889806e-03	
1.89000000e+01	4.51400833e-03	
1.90000000e+01	4.64778504e-03	
1.91000000e+01	4.66880709e-03	
1.92000000e+01	4.53694148e-03	
1.93000000e+01	4.64778504e-03	
1.94000000e+01	4.70894011e-03	
1.95000000e+01	4.81213928e-03	
1.96000000e+01	4.87329435e-03	
1.97000000e+01	4.80067271e-03	
1.98000000e+01	5.02618201e-03	
1.99000000e+01	4.93444941e-03	
2.00000000e+01	4.95547147e-03	
2.01000000e+01	5.08924817e-03	
2.02000000e+01	5.02235982e-03	
2.03000000e+01	5.10071475e-03	
2.04000000e+01	5.31475748e-03	
2.05000000e+01	5.48293391e-03	
2.06000000e+01	5.15613653e-03	
2.07000000e+01	5.58804418e-03	
2.08000000e+01	5.46573405e-03	
2.09000000e+01	5.60715514e-03	
2.10000000e+01	5.41795666e-03	
2.11000000e+01	5.47337844e-03	
2.12000000e+01	5.60333295e-03	
2.13000000e+01	5.56511103e-03	
2.14000000e+01	5.88235294e-03	
2.15000000e+01	5.98172992e-03	
2.16000000e+01	5.84604212e-03	
2.17000000e+01	5.74857623e-03	
2.18000000e+01	6.08684019e-03	
2.19000000e+01	6.17092841e-03	
2.20000000e+01	6.10212896e-03	
2.21000000e+01	6.03332951e-03	
2.22000000e+01	6.18621718e-03	
2.23000000e+01	6.16519512e-03	
2.24000000e+01	6.07537362e-03	
2.25000000e+01	6.40408210e-03	
2.26000000e+01	6.44039292e-03	
2.27000000e+01	6.46905936e-03	
2.28000000e+01	6.67927990e-03	
2.29000000e+01	6.24928334e-03	
2.30000000e+01	6.48243703e-03	
2.31000000e+01	6.78056798e-03	
2.32000000e+01	6.68501319e-03	
2.33000000e+01	6.87230058e-03	
2.34000000e+01	6.83407866e-03	
2.35000000e+01	6.88950044e-03	
2.36000000e+01	6.87230058e-03	
2.37000000e+01	6.92198907e-03	
2.38000000e+01	7.05767687e-03	
2.39000000e+01	7.15323166e-03	
2.40000000e+01	7.23923098e-03	
2.41000000e+01	7.31376371e-03	
2.42000000e+01	7.53927302e-03	
2.43000000e+01	7.47620686e-03	
2.44000000e+01	7.56029507e-03	
2.45000000e+01	7.68069411e-03	
2.46000000e+01	7.52589535e-03	
2.47000000e+01	7.70936055e-03	
2.48000000e+01	7.94060314e-03	
2.49000000e+01	7.80491534e-03	
2.50000000e+01	7.76860452e-03	
2.51000000e+01	8.03998012e-03	
2.52000000e+01	7.84313725e-03	
2.53000000e+01	8.27695601e-03	
2.54000000e+01	8.21962313e-03	
2.55000000e+01	8.08584642e-03	
2.56000000e+01	8.45468792e-03	
2.57000000e+01	8.32664450e-03	
2.58000000e+01	8.29415587e-03	
2.59000000e+01	8.32664450e-03	
2.60000000e+01	8.58082024e-03	
2.61000000e+01	8.40691052e-03	
2.62000000e+01	8.88468448e-03	
2.63000000e+01	8.87321790e-03	
2.64000000e+01	8.79868517e-03	
2.65000000e+01	9.05668310e-03	
2.66000000e+01	9.03566105e-03	
2.67000000e+01	8.75855215e-03	
2.68000000e+01	9.22103734e-03	
2.69000000e+01	9.08917173e-03	
2.70000000e+01	8.72797462e-03	
2.71000000e+01	9.31468104e-03	
2.72000000e+01	9.42361350e-03	
2.73000000e+01	9.49814624e-03	
2.74000000e+01	9.48859076e-03	
2.75000000e+01	9.57267897e-03	
2.76000000e+01	9.55165692e-03	
2.77000000e+01	9.72556664e-03	
2.78000000e+01	9.84596568e-03	
2.79000000e+01	9.78863280e-03	
2.80000000e+01	9.76187746e-03	
2.81000000e+01	9.96636471e-03	
2.82000000e+01	1.02071628e-02	
2.83000000e+01	1.02071628e-02	
2.84000000e+01	1.00791194e-02	
2.85000000e+01	1.01383633e-02	
2.86000000e+01	1.01288079e-02	
2.87000000e+01	1.04708940e-02	
2.88000000e+01	1.04422276e-02	
2.89000000e+01	1.04288499e-02	
2.90000000e+01	1.07288919e-02	
2.91000000e+01	1.04823606e-02	
2.92000000e+01	1.06428926e-02	
2.93000000e+01	1.08951573e-02	
2.94000000e+01	1.10939112e-02	
2.95000000e+01	1.10461339e-02	
2.96000000e+01	1.09620456e-02	
2.97000000e+01	1.07499140e-02	
2.98000000e+01	1.10193785e-02	
2.99000000e+01	1.13882200e-02	
3.00000000e+01	1.11321332e-02	
3.01000000e+01	1.14111532e-02	
3.02000000e+01	1.15028858e-02	
3.03000000e+01	1.14818637e-02	
3.04000000e+01	1.17379505e-02	
3.05000000e+01	1.15812407e-02	
3.06000000e+01	1.18468830e-02	
3.07000000e+01	1.19577266e-02	
3.08000000e+01	1.19997707e-02	
3.09000000e+01	1.19577266e-02	
3.10000000e+01	1.19672820e-02	
3.11000000e+01	1.22998127e-02	
3.12000000e+01	1.20551924e-02	
3.13000000e+01	1.23189237e-02	
3.14000000e+01	1.24259450e-02	
3.15000000e+01	1.24890112e-02	
3.16000000e+01	1.23724344e-02	
3.17000000e+01	1.25578106e-02	
3.18000000e+01	1.26323434e-02	
3.19000000e+01	1.28846080e-02	
3.20000000e+01	1.30164736e-02	
3.21000000e+01	1.31292283e-02	
3.22000000e+01	1.29878072e-02	
3.23000000e+01	1.30298513e-02	
3.24000000e+01	1.31234950e-02	
3.25000000e+01	1.32591828e-02	
3.26000000e+01	1.33566487e-02	
3.27000000e+01	1.35324695e-02	
3.28000000e+01	1.33528265e-02	
3.29000000e+01	1.35496694e-02	
3.30000000e+01	1.39165998e-02	
3.31000000e+01	1.36891794e-02	
3.32000000e+01	1.35821580e-02	
3.33000000e+01	1.38286894e-02	
3.34000000e+01	1.40064213e-02	
3.35000000e+01	1.40752207e-02	
3.36000000e+01	1.40217100e-02	
3.37000000e+01	1.44517066e-02	
3.38000000e+01	1.40675763e-02	
3.39000000e+01	1.44631732e-02	
3.40000000e+01	1.44478844e-02	
3.41000000e+01	1.47651263e-02	
3.42000000e+01	1.44861063e-02	
3.43000000e+01	1.47976150e-02	
3.44000000e+01	1.49084585e-02	
3.45000000e+01	1.49791691e-02	
3.46000000e+01	1.49772580e-02	
3.47000000e+01	1.52944999e-02	
3.48000000e+01	1.51970340e-02	
3.49000000e+01	1.52830333e-02	
3.50000000e+01	1.52314337e-02	
3.51000000e+01	1.54856094e-02	
3.52000000e+01	1.57818293e-02	
3.53000000e+01	1.54168100e-02	
3.54000000e+01	1.58620953e-02	
3.55000000e+01	1.56728968e-02	
3.56000000e+01	1.60608493e-02	
3.57000000e+01	1.61850705e-02	
3.58000000e+01	1.63035585e-02	
3.59000000e+01	1.62080037e-02	
3.60000000e+01	1.62309368e-02	
3.61000000e+01	1.65386232e-02	
3.62000000e+01	1.65481787e-02	
3.63000000e+01	1.64660016e-02	
3.64000000e+01	1.69686198e-02	
3.65000000e+01	1.68386653e-02	
3.66000000e+01	1.71922180e-02	
3.67000000e+01	1.68138210e-02	
3.68000000e+01	1.66571112e-02	
3.69000000e+01	1.71960402e-02	
3.70000000e+01	1.71138631e-02	
3.71000000e+01	1.72227956e-02	
3.72000000e+01	1.76011925e-02	
3.73000000e+01	1.77139472e-02	
3.74000000e+01	1.73259947e-02	
3.75000000e+01	1.76680809e-02	
3.76000000e+01	1.77177694e-02	
3.77000000e+01	1.78324351e-02	
3.78000000e+01	1.80445668e-02	
3.79000000e+01	1.76852807e-02	
3.80000000e+01	1.80808776e-02	
3.81000000e+01	1.85070519e-02	
3.82000000e+01	1.82165654e-02	
3.83000000e+01	1.84038528e-02	
3.84000000e+01	1.84783855e-02	
3.85000000e+01	1.83274089e-02	
3.86000000e+01	1.88644269e-02	
3.87000000e+01	1.88262049e-02	
3.88000000e+01	1.90154034e-02	
3.89000000e+01	1.91472690e-02	
3.90000000e+01	1.91530023e-02	
3.91000000e+01	1.90746474e-02	
3.92000000e+01	1.90765585e-02	
3.93000000e+01	1.94855330e-02	
3.94000000e+01	1.94721553e-02	
3.95000000e+01	1.96995757e-02	
3.96000000e+01	1.99977067e-02	
3.97000000e+01	1.99040630e-02	
3.98000000e+01	1.98849520e-02	
3.99000000e+01	1.97492642e-02	
4.00000000e+01	2.00913504e-02	
4.01000000e+01	1.97530864e-02	
4.02000000e+01	2.04984138e-02	
4.03000000e+01	2.04812139e-02	
4.04000000e+01	2.07067232e-02	
4.05000000e+01	2.05710354e-02	
4.06000000e+01	2.03283263e-02	
4.07000000e+01	2.06704124e-02	
4.08000000e+01	2.09303214e-02	
4.09000000e+01	2.14119176e-02	
4.10000000e+01	2.12628521e-02	
4.11000000e+01	2.13297405e-02	
4.12000000e+01	2.12399190e-02	
4.13000000e+01	2.14749838e-02	
4.14000000e+01	2.13870733e-02	
4.15000000e+01	2.18400031e-02	
4.16000000e+01	2.19240913e-02	
4.17000000e+01	2.19642243e-02	
4.18000000e+01	2.20540458e-02	
4.19000000e+01	2.18476474e-02	
4.20000000e+01	2.25623973e-02	
4.21000000e+01	2.21572450e-02	
4.22000000e+01	2.24935978e-02	
4.23000000e+01	2.23177770e-02	
4.24000000e+01	2.24763980e-02	
4.25000000e+01	2.29656385e-02	
4.26000000e+01	2.29522608e-02	
4.27000000e+01	2.27229293e-02	
4.28000000e+01	2.32255475e-02	
4.29000000e+01	2.30803042e-02	
4.30000000e+01	2.32943470e-02	
4.31000000e+01	2.35466116e-02	
4.32000000e+01	2.36421664e-02	
4.33000000e+01	2.35924779e-02	
4.34000000e+01	2.36364331e-02	
4.35000000e+01	2.37663876e-02	
4.36000000e+01	2.38370982e-02	
4.37000000e+01	2.40473187e-02	
4.38000000e+01	2.39574972e-02	
4.39000000e+01	2.44926041e-02	
4.40000000e+01	2.42403394e-02	
4.41000000e+01	2.43798494e-02	
4.42000000e+01	2.47123801e-02	
4.43000000e+01	2.43741161e-02	
4.44000000e+01	2.47123801e-02	
4.45000000e+01	2.51423766e-02	
4.46000000e+01	2.51710431e-02	
4.47000000e+01	2.49436227e-02	
4.48000000e+01	2.54787295e-02	
4.49000000e+01	2.50621106e-02	
4.50000000e+01	2.54061079e-02	
4.51000000e+01	2.54405076e-02	
4.52000000e+01	2.56679280e-02	
4.53000000e+01	2.60788136e-02	
4.54000000e+01	2.59182815e-02	
4.55000000e+01	2.64285441e-02	
4.56000000e+01	2.59201926e-02	
4.57000000e+01	2.59125483e-02	
4.58000000e+01	2.64228108e-02	
4.59000000e+01	2.64801437e-02	
4.60000000e+01	2.71490273e-02	
4.61000000e+01	2.65126323e-02	
4.62000000e+01	2.70783167e-02	
4.63000000e+01	2.66655200e-02	
4.64000000e+01	2.68356075e-02	
4.65000000e+01	2.72006268e-02	
4.66000000e+01	2.69540955e-02	
4.67000000e+01	2.76344456e-02	
4.68000000e+01	2.76287123e-02	
4.69000000e+01	2.71948936e-02	
4.70000000e+01	2.77242671e-02	
4.71000000e+01	2.78790659e-02	
4.72000000e+01	2.83300845e-02	
4.73000000e+01	2.81026641e-02	
4.74000000e+01	2.79459542e-02	
4.75000000e+01	2.84772388e-02	
4.76000000e+01	2.80472423e-02	
4.77000000e+01	2.86740817e-02	
4.78000000e+01	2.87906586e-02	
4.79000000e+01	2.92512327e-02	
4.80000000e+01	2.89913236e-02	
4.81000000e+01	2.91040783e-02	
4.82000000e+01	2.91537668e-02	
4.83000000e+01	2.87467034e-02	
4.84000000e+01	2.97232733e-02	
4.85000000e+01	2.94098536e-02	
4.86000000e+01	2.97901617e-02	
4.87000000e+01	2.97442954e-02	
4.88000000e+01	2.97404732e-02	
4.89000000e+01	3.00519818e-02	
4.90000000e+01	3.03482017e-02	
4.91000000e+01	3.01590032e-02	
4.92000000e+01	3.05335780e-02	
4.93000000e+01	3.04456675e-02	
4.94000000e+01	3.10801514e-02	
4.95000000e+01	3.05182892e-02	
4.96000000e+01	3.03138019e-02	
4.97000000e+01	3.10744181e-02	
4.98000000e+01	3.05431334e-02	
4.99000000e+01	3.15254367e-02	
5.00000000e+01	3.12674387e-02	
5.01000000e+01	3.14031266e-02	
5.02000000e+01	3.13916600e-02	
5.03000000e+01	3.11929060e-02	
5.04000000e+01	3.15827696e-02	
5.05000000e+01	3.09712189e-02	
5.06000000e+01	3.05546000e-02	
5.07000000e+01	3.08641975e-02	
5.08000000e+01	3.13534381e-02	
5.09000000e+01	3.06539770e-02	
5.10000000e+01	3.07361541e-02	
5.11000000e+01	3.06119329e-02	
5.12000000e+01	3.03998012e-02	
5.13000000e+01	3.08011314e-02	
5.14000000e+01	3.06425104e-02	
5.15000000e+01	3.06004663e-02	
5.16000000e+01	3.05584222e-02	
5.17000000e+01	3.01723808e-02	
5.18000000e+01	3.01895807e-02	
5.19000000e+01	2.99889156e-02	
5.20000000e+01	3.05221114e-02	
5.21000000e+01	2.97519398e-02	
5.22000000e+01	3.03157130e-02	
5.23000000e+01	2.97251844e-02	
5.24000000e+01	2.98245614e-02	
5.25000000e+01	3.00347819e-02	
5.26000000e+01	2.92340328e-02	
5.27000000e+01	2.96506517e-02	
5.28000000e+01	2.94920307e-02	
5.29000000e+01	2.93811872e-02	
5.30000000e+01	2.93276765e-02	
5.31000000e+01	2.92282995e-02	
5.32000000e+01	2.90486565e-02	
5.33000000e+01	2.90964339e-02	
5.34000000e+01	2.86473264e-02	
5.35000000e+01	2.85345717e-02	
5.36000000e+01	2.90677675e-02	
5.37000000e+01	2.91843443e-02	
5.38000000e+01	2.83912395e-02	
5.39000000e+01	2.86664373e-02	
5.40000000e+01	2.85001720e-02	
5.41000000e+01	2.84275504e-02	
5.42000000e+01	2.85689714e-02	
5.43000000e+01	2.77873333e-02	
5.44000000e+01	2.82096854e-02	
5.45000000e+01	2.82345297e-02	
5.46000000e+01	2.81848412e-02	
5.47000000e+01	2.79402209e-02	
5.48000000e+01	2.76745786e-02	
5.49000000e+01	2.77261782e-02	
5.50000000e+01	2.72636930e-02	
5.51000000e+01	2.77491113e-02	
5.52000000e+01	2.73611589e-02	
5.53000000e+01	2.74280472e-02	
5.54000000e+01	2.76592898e-02	
5.55000000e+01	2.69292512e-02	
5.56000000e+01	2.69560066e-02	
5.57000000e+01	2.69617399e-02	
5.58000000e+01	2.71452051e-02	
5.59000000e+01	2.63272560e-02	
5.60000000e+01	2.67973856e-02	
5.61000000e+01	2.68910293e-02	
5.62000000e+01	2.67648970e-02	
5.63000000e+01	2.63865000e-02	
5.64000000e+01	2.65699652e-02	
5.65000000e+01	2.64801437e-02	
5.66000000e+01	2.61361465e-02	
5.67000000e+01	2.58169935e-02	
5.68000000e+01	2.62584566e-02	
5.69000000e+01	2.62374345e-02	
5.70000000e+01	2.56813057e-02	
5.71000000e+01	2.55226847e-02	
5.72000000e+01	2.56832168e-02	
5.73000000e+01	2.53831747e-02	
5.74000000e+01	2.49837557e-02	
5.75000000e+01	2.54175744e-02	
5.76000000e+01	2.51653098e-02	
5.77000000e+01	2.50601995e-02	
5.78000000e+01	2.52990865e-02	
5.79000000e+01	2.49054008e-02	
5.80000000e+01	2.48442457e-02	
5.81000000e+01	2.47830906e-02	
5.82000000e+01	2.44027826e-02	
5.83000000e+01	2.43913160e-02	
5.84000000e+01	2.40033635e-02	
5.85000000e+01	2.42154952e-02	
5.86000000e+01	2.42326950e-02	
5.87000000e+01	2.41084738e-02	
5.88000000e+01	2.35466116e-02	
5.89000000e+01	2.38294538e-02	
5.90000000e+01	2.37052326e-02	
5.91000000e+01	2.34606123e-02	
5.92000000e+01	2.31510148e-02	
5.93000000e+01	2.35771892e-02	
5.94000000e+01	2.33688797e-02	
5.95000000e+01	2.34988342e-02	
5.96000000e+01	2.28605282e-02	
5.97000000e+01	2.29465275e-02	
5.98000000e+01	2.31070596e-02	
5.99000000e+01	2.28223063e-02	
6.00000000e+01	2.24496426e-02	
6.01000000e+01	2.25604862e-02	
6.02000000e+01	2.25910637e-02	
6.03000000e+01	2.24075985e-02	
6.04000000e+01	2.19260024e-02	
6.05000000e+01	2.19814241e-02	
6.06000000e+01	2.20827122e-02	
6.07000000e+01	2.13679624e-02	
6.08000000e+01	2.20330237e-02	
6.09000000e+01	2.13889844e-02	
6.10000000e+01	2.11883194e-02	
6.11000000e+01	2.11500975e-02	
6.12000000e+01	2.13947177e-02	
6.13000000e+01	2.11462753e-02	
6.14000000e+01	2.08500554e-02	
6.15000000e+01	2.07755227e-02	
6.16000000e+01	2.05156137e-02	
6.17000000e+01	2.05404579e-02	
6.18000000e+01	2.06780568e-02	
6.19000000e+01	2.06188128e-02	
6.20000000e+01	2.02671712e-02	
6.21000000e+01	2.01792608e-02	
6.22000000e+01	1.95428659e-02	
6.23000000e+01	1.97263311e-02	
6.24000000e+01	1.95638879e-02	
6.25000000e+01	1.95829989e-02	
6.26000000e+01	1.93460230e-02	
6.27000000e+01	1.92409127e-02	
6.28000000e+01	1.94282001e-02	
6.29000000e+01	1.93001567e-02	
6.30000000e+01	1.87402056e-02	
6.31000000e+01	1.89752704e-02	
6.32000000e+01	1.88013607e-02	
6.33000000e+01	1.85108741e-02	
6.34000000e+01	1.85605626e-02	
6.35000000e+01	1.83331422e-02	
6.36000000e+01	1.80770554e-02	
6.37000000e+01	1.82070099e-02	
6.38000000e+01	1.84286970e-02	
6.39000000e+01	1.76222146e-02	
6.40000000e+01	1.77063028e-02	
6.41000000e+01	1.77120361e-02	
6.42000000e+01	1.75247487e-02	
6.43000000e+01	1.74234606e-02	
6.44000000e+01	1.68807094e-02	
6.45000000e+01	1.71597294e-02	
6.46000000e+01	1.69170202e-02	
6.47000000e+01	1.67641326e-02	
6.48000000e+01	1.66437335e-02	
6.49000000e+01	1.64946680e-02	
6.50000000e+01	1.61812483e-02	
6.51000000e+01	1.57952070e-02	
6.52000000e+01	1.58907618e-02	
6.53000000e+01	1.57436074e-02	
6.54000000e+01	1.56518748e-02	
6.55000000e+01	1.55333868e-02	
6.56000000e+01	1.53785881e-02	
6.57000000e+01	1.54550319e-02	
6.58000000e+01	1.51798341e-02	
6.59000000e+01	1.50804571e-02	
6.60000000e+01	1.49887245e-02	
6.61000000e+01	1.46065054e-02	
6.62000000e+01	1.45472614e-02	
6.63000000e+01	1.46753048e-02	
6.64000000e+01	1.42625081e-02	
6.65000000e+01	1.42930857e-02	
6.66000000e+01	1.39834881e-02	
6.67000000e+01	1.40102435e-02	
6.68000000e+01	1.37006460e-02	
6.69000000e+01	1.37044681e-02	
6.70000000e+01	1.32591828e-02	
6.71000000e+01	1.35515805e-02	
6.72000000e+01	1.28807858e-02	
6.73000000e+01	1.30661621e-02	
6.74000000e+01	1.30164736e-02	
6.75000000e+01	1.25157665e-02	
6.76000000e+01	1.26361656e-02	
6.77000000e+01	1.28998968e-02	
6.78000000e+01	1.21087031e-02	
6.79000000e+01	1.19156825e-02	
6.80000000e+01	1.18468830e-02	
6.81000000e+01	1.16863510e-02	
6.82000000e+01	1.14971525e-02	
6.83000000e+01	1.16634178e-02	
6.84000000e+01	1.11990215e-02	
6.85000000e+01	1.10939112e-02	
6.86000000e+01	1.09563123e-02	
6.87000000e+01	1.09372014e-02	
6.88000000e+01	1.05912930e-02	
6.89000000e+01	1.04192944e-02	
6.90000000e+01	1.02492069e-02	
6.91000000e+01	1.03237396e-02	
6.92000000e+01	1.00428085e-02	
6.93000000e+01	9.73894431e-03	
6.94000000e+01	9.60898979e-03	
6.95000000e+01	9.70263349e-03	
6.96000000e+01	9.25543707e-03	
6.97000000e+01	9.52299048e-03	
6.98000000e+01	9.24014830e-03	
6.99000000e+01	9.17899323e-03	
7.00000000e+01	8.81206284e-03	
7.01000000e+01	8.57508695e-03	
7.02000000e+01	8.36677751e-03	
7.03000000e+01	8.34766655e-03	
7.04000000e+01	8.29415587e-03	
7.05000000e+01	8.10113519e-03	
7.06000000e+01	7.75713794e-03	
7.07000000e+01	7.62527233e-03	
7.08000000e+01	7.67113863e-03	
7.09000000e+01	7.36727440e-03	
7.10000000e+01	7.17425372e-03	
7.11000000e+01	7.06914345e-03	
7.12000000e+01	6.96021098e-03	
7.13000000e+01	6.75954592e-03	
7.14000000e+01	6.69647976e-03	
7.15000000e+01	6.55505867e-03	
7.16000000e+01	6.16328403e-03	
7.17000000e+01	6.34292703e-03	
7.18000000e+01	6.14990636e-03	
7.19000000e+01	6.04288499e-03	
7.20000000e+01	5.99319650e-03	
7.21000000e+01	5.96644116e-03	
7.22000000e+01	5.75430952e-03	
7.23000000e+01	5.67213240e-03	
7.24000000e+01	5.70653213e-03	
7.25000000e+01	5.54026679e-03	
7.26000000e+01	5.47720063e-03	
7.27000000e+01	5.48866720e-03	
7.28000000e+01	5.08351489e-03	
7.29000000e+01	5.23831365e-03	
7.30000000e+01	4.83889462e-03	
7.31000000e+01	4.98413790e-03	
7.32000000e+01	4.78538394e-03	
7.33000000e+01	4.91724955e-03	
7.34000000e+01	4.63249627e-03	
7.35000000e+01	4.56560792e-03	
7.36000000e+01	4.59618545e-03	
7.37000000e+01	4.34200971e-03	
7.38000000e+01	4.27129916e-03	
7.39000000e+01	4.30569889e-03	
7.40000000e+01	4.27512135e-03	
7.41000000e+01	3.90436877e-03	
7.42000000e+01	3.91392424e-03	
7.43000000e+01	4.04005657e-03	
7.44000000e+01	3.81645836e-03	
7.45000000e+01	3.67312617e-03	
7.46000000e+01	3.72854795e-03	
7.47000000e+01	3.55654933e-03	
7.48000000e+01	3.42468371e-03	
7.49000000e+01	3.39983947e-03	
7.50000000e+01	3.36543974e-03	
7.51000000e+01	3.35588426e-03	
7.52000000e+01	3.42659481e-03	
7.53000000e+01	3.23357413e-03	
7.54000000e+01	3.19726331e-03	
7.55000000e+01	2.99659825e-03	
7.56000000e+01	3.10935290e-03	
7.57000000e+01	2.89339908e-03	
7.58000000e+01	2.82651072e-03	
7.59000000e+01	2.85708825e-03	
7.60000000e+01	2.86473264e-03	
7.61000000e+01	2.79402209e-03	
7.62000000e+01	2.79211100e-03	
7.63000000e+01	2.62966785e-03	
7.64000000e+01	2.52264649e-03	
7.65000000e+01	2.50926881e-03	
7.66000000e+01	2.32771471e-03	
7.67000000e+01	2.37358101e-03	
7.68000000e+01	2.55513511e-03	
7.69000000e+01	2.35255896e-03	
7.70000000e+01	2.29140389e-03	
7.71000000e+01	2.13087184e-03	
7.72000000e+01	2.19011581e-03	
7.73000000e+01	2.05251691e-03	
7.74000000e+01	2.02576157e-03	
7.75000000e+01	2.01620609e-03	
7.76000000e+01	1.91491801e-03	
7.77000000e+01	1.88625158e-03	
7.78000000e+01	1.89007377e-03	
7.79000000e+01	1.82127432e-03	
7.80000000e+01	1.80407446e-03	
7.81000000e+01	1.72954172e-03	
7.82000000e+01	1.64545350e-03	
7.83000000e+01	1.53652104e-03	
7.84000000e+01	1.56136529e-03	
7.85000000e+01	1.63780912e-03	
7.86000000e+01	1.57856515e-03	
7.87000000e+01	1.51549899e-03	
7.88000000e+01	1.47536597e-03	
7.89000000e+01	1.30718954e-03	
7.90000000e+01	1.36261132e-03	
7.91000000e+01	1.38936666e-03	
7.92000000e+01	1.19252379e-03	
7.93000000e+01	1.25750105e-03	
7.94000000e+01	1.14283530e-03	
7.95000000e+01	1.15812407e-03	
7.96000000e+01	1.09888010e-03	
7.97000000e+01	1.10843558e-03	
7.98000000e+01	1.02243626e-03	
7.99000000e+01	9.99503115e-04	
8.00000000e+01	9.74658869e-04	
8.01000000e+01	9.78481061e-04	
8.02000000e+01	9.67014486e-04	
8.03000000e+01	9.44081336e-04	
8.04000000e+01	9.09681611e-04	
8.05000000e+01	8.00749150e-04	
8.06000000e+01	8.77192982e-04	
8.07000000e+01	7.93104766e-04	
8.08000000e+01	7.79727096e-04	
8.09000000e+01	7.12838742e-04	
8.10000000e+01	7.10927646e-04	
8.11000000e+01	7.24305317e-04	
8.12000000e+01	6.61239155e-04	
8.13000000e+01	6.23017238e-04	
8.14000000e+01	6.24928334e-04	
8.15000000e+01	5.59951076e-04	
8.16000000e+01	5.33195734e-04	
8.17000000e+01	4.98796010e-04	
8.18000000e+01	5.50395597e-04	
8.19000000e+01	4.85418339e-04	
8.20000000e+01	4.81596147e-04	
8.21000000e+01	4.31907656e-04	
8.22000000e+01	4.24263273e-04	
8.23000000e+01	4.28085464e-04	
8.24000000e+01	3.91774644e-04	
8.25000000e+01	3.82219164e-04	
8.26000000e+01	3.13419715e-04	
8.27000000e+01	3.63108206e-04	
8.28000000e+01	2.94308757e-04	
8.29000000e+01	2.65642319e-04	
8.30000000e+01	3.07686427e-04	
8.31000000e+01	2.86664373e-04	
8.32000000e+01	2.63731223e-04	
8.33000000e+01	2.12131636e-04	
8.34000000e+01	2.08309445e-04	
8.35000000e+01	2.00665061e-04	
8.36000000e+01	2.21687115e-04	
8.37000000e+01	2.29331499e-04	
8.38000000e+01	1.50976570e-04	
8.39000000e+01	1.47154378e-04	
8.40000000e+01	1.24221228e-04	
8.41000000e+01	1.07021366e-04	
8.42000000e+01	1.20399037e-04	
8.43000000e+01	1.37598899e-04	
8.44000000e+01	1.20399037e-04	
8.45000000e+01	1.07021366e-04	
8.46000000e+01	9.93769828e-05	
8.47000000e+01	7.64438329e-05	
8.48000000e+01	6.30661621e-05	
8.49000000e+01	8.02660245e-05	
8.50000000e+01	3.43997248e-05	
8.51000000e+01	4.77773956e-05	
8.52000000e+01	3.82219164e-05	
8.53000000e+01	4.01330123e-05	
8.54000000e+01	2.29331499e-05	
8.55000000e+01	1.33776708e-05	
8.56000000e+01	9.55547911e-06	
8.57000000e+01	7.64438329e-06	
8.58000000e+01	5.73328747e-06	
8.59000000e+01	3.82219164e-06	
