1.00000000e+00	3.55982128e-02	1.80592005e+00	
1.01000000e+00	3.58376084e-02	1.78224168e+00	
1.02000000e+00	3.58492643e-02	1.74803542e+00	
1.03000000e+00	3.62321180e-02	1.73256524e+00	
1.04000000e+00	3.63415047e-02	1.70453747e+00	
1.05000000e+00	3.65055848e-02	1.67977471e+00	
1.06000000e+00	3.70570016e-02	1.67312686e+00	
1.07000000e+00	3.70695542e-02	1.64255580e+00	
1.08000000e+00	3.73833686e-02	1.62592776e+00	
1.09000000e+00	3.74111636e-02	1.59741790e+00	
1.10000000e+00	3.75169639e-02	1.57294175e+00	
1.11000000e+00	3.75698641e-02	1.54690624e+00	
1.12000000e+00	3.76559389e-02	1.52288728e+00	
1.13000000e+00	3.76980797e-02	1.49772702e+00	
1.14000000e+00	3.79670635e-02	1.48206630e+00	
1.15000000e+00	3.78917480e-02	1.45351422e+00	
1.16000000e+00	3.84539242e-02	1.44975632e+00	
1.17000000e+00	3.85570346e-02	1.42890129e+00	
1.18000000e+00	3.84341987e-02	1.40030984e+00	
1.19000000e+00	3.85606211e-02	1.38140309e+00	
1.20000000e+00	3.91514888e-02	1.37929167e+00	
1.21000000e+00	3.90403088e-02	1.35273532e+00	
1.22000000e+00	3.93953675e-02	1.34275204e+00	
1.23000000e+00	3.95693103e-02	1.32684008e+00	
1.24000000e+00	3.95657239e-02	1.30540740e+00	
1.25000000e+00	4.01960426e-02	1.30506937e+00	
1.26000000e+00	4.00812761e-02	1.28076891e+00	
1.27000000e+00	4.01180373e-02	1.26183497e+00	
1.28000000e+00	4.03448803e-02	1.24921968e+00	
1.29000000e+00	4.05439283e-02	1.23599504e+00	
1.30000000e+00	4.10280991e-02	1.23158677e+00	
1.31000000e+00	4.08039460e-02	1.20622937e+00	
1.32000000e+00	4.13813645e-02	1.20483415e+00	
1.33000000e+00	4.15454446e-02	1.19149014e+00	
1.34000000e+00	4.20726529e-02	1.18866815e+00	
1.35000000e+00	4.18834676e-02	1.16585736e+00	
1.36000000e+00	4.20887919e-02	1.15440705e+00	
1.37000000e+00	4.20959648e-02	1.13780977e+00	
1.38000000e+00	4.25953781e-02	1.13468321e+00	
1.39000000e+00	4.29611960e-02	1.12802075e+00	
1.40000000e+00	4.31817628e-02	1.11767264e+00	
1.41000000e+00	4.33216343e-02	1.10544447e+00	
1.42000000e+00	4.34785415e-02	1.09387728e+00	
1.43000000e+00	4.36067572e-02	1.08181262e+00	
1.44000000e+00	4.38075984e-02	1.07175319e+00	
1.45000000e+00	4.43724644e-02	1.07065086e+00	
1.46000000e+00	4.41644502e-02	1.05108404e+00	
1.47000000e+00	4.43984661e-02	1.04232612e+00	
1.48000000e+00	4.48826370e-02	1.03950183e+00	
1.49000000e+00	4.48682912e-02	1.02526780e+00	
1.50000000e+00	4.55568897e-02	1.02716893e+00	
1.51000000e+00	4.61002370e-02	1.02569819e+00	
1.52000000e+00	4.63199071e-02	1.01706996e+00	
1.53000000e+00	4.67314523e-02	1.01273715e+00	
1.54000000e+00	4.69305003e-02	1.00388524e+00	
1.55000000e+00	4.73545981e-02	9.99928816e-01	
1.56000000e+00	4.80476797e-02	1.00159823e+00	
1.57000000e+00	4.80001592e-02	9.87901622e-01	
1.58000000e+00	4.81498936e-02	9.78478940e-01	
1.59000000e+00	4.87766258e-02	9.78786184e-01	
1.60000000e+00	4.93307324e-02	9.77570131e-01	
1.61000000e+00	4.94930193e-02	9.68640273e-01	
1.62000000e+00	5.01116821e-02	9.68677644e-01	
1.63000000e+00	5.00462293e-02	9.55578738e-01	
1.64000000e+00	5.10073981e-02	9.62090220e-01	
1.65000000e+00	5.14288061e-02	9.58316309e-01	
1.66000000e+00	5.16906170e-02	9.51625049e-01	
1.67000000e+00	5.25074311e-02	9.55120473e-01	
1.68000000e+00	5.28257286e-02	9.49505003e-01	
1.69000000e+00	5.33439707e-02	9.47506626e-01	
1.70000000e+00	5.36075749e-02	9.41019544e-01	
1.71000000e+00	5.44369416e-02	9.44434453e-01	
1.72000000e+00	5.50304992e-02	9.43662905e-01	
1.73000000e+00	5.56563348e-02	9.43393157e-01	
1.74000000e+00	5.59378712e-02	9.37298157e-01	
1.75000000e+00	5.66838529e-02	9.38974051e-01	
1.76000000e+00	5.70129098e-02	9.33723300e-01	
1.77000000e+00	5.82771337e-02	9.43673969e-01	
1.78000000e+00	5.86456415e-02	9.39001014e-01	
1.79000000e+00	5.94705251e-02	9.41599104e-01	
1.80000000e+00	6.00918777e-02	9.40894846e-01	
1.81000000e+00	6.04128650e-02	9.35497449e-01	
1.82000000e+00	6.07006777e-02	9.29653458e-01	
1.83000000e+00	6.14538323e-02	9.30930195e-01	
1.84000000e+00	6.24248639e-02	9.35389053e-01	
1.85000000e+00	6.36227384e-02	9.43059786e-01	
1.86000000e+00	6.44843832e-02	9.45581543e-01	
1.87000000e+00	6.48708232e-02	9.41101620e-01	
1.88000000e+00	6.57378477e-02	9.43561272e-01	
1.89000000e+00	6.63959614e-02	9.42949382e-01	
1.90000000e+00	6.73105063e-02	9.45901644e-01	
1.91000000e+00	6.89396515e-02	9.58677808e-01	
1.92000000e+00	6.90122771e-02	9.49717029e-01	
1.93000000e+00	7.07239107e-02	9.63212199e-01	
1.94000000e+00	7.13354006e-02	9.61550215e-01	
1.95000000e+00	7.21952521e-02	9.63185065e-01	
1.96000000e+00	7.33160179e-02	9.68182105e-01	
1.97000000e+00	7.35724492e-02	9.61729829e-01	
1.98000000e+00	7.47308727e-02	9.67030114e-01	
1.99000000e+00	7.62838059e-02	9.77229401e-01	
2.00000000e+00	7.73364292e-02	9.80831600e-01	
2.01000000e+00	7.86149988e-02	9.87151074e-01	
2.02000000e+00	7.94327096e-02	9.87567896e-01	
2.03000000e+00	8.04405022e-02	9.90268632e-01	
2.04000000e+00	8.14536745e-02	9.92934661e-01	
2.05000000e+00	8.23592533e-02	9.94202850e-01	
2.06000000e+00	8.32675220e-02	9.95431832e-01	
2.07000000e+00	8.47648651e-02	1.00356501e+00	
2.08000000e+00	8.55547809e-02	1.00320096e+00	
2.09000000e+00	8.67822436e-02	1.00787953e+00	
2.10000000e+00	8.78994230e-02	1.01115506e+00	
2.11000000e+00	8.87700339e-02	1.01151377e+00	
2.12000000e+00	8.98791438e-02	1.01451280e+00	
2.13000000e+00	9.09192145e-02	1.01663906e+00	
2.14000000e+00	9.18956257e-02	1.01797618e+00	
2.15000000e+00	9.23591744e-02	1.01361598e+00	
2.16000000e+00	9.35184946e-02	1.01685805e+00	
2.17000000e+00	9.49826631e-02	1.02328168e+00	
2.18000000e+00	9.56004292e-02	1.02050980e+00	
2.19000000e+00	9.65759438e-02	1.02152984e+00	
2.20000000e+00	9.79396917e-02	1.02655848e+00	
2.21000000e+00	9.86282902e-02	1.02444178e+00	
2.22000000e+00	9.90443185e-02	1.01951576e+00	
2.23000000e+00	1.00080803e-01	1.02096623e+00	
2.24000000e+00	1.01024936e-01	1.02141651e+00	
2.25000000e+00	1.01840853e-01	1.02053363e+00	
2.26000000e+00	1.02649598e-01	1.01955510e+00	
2.27000000e+00	1.04045624e-01	1.02433598e+00	
2.28000000e+00	1.04511863e-01	1.01992026e+00	
2.29000000e+00	1.05733049e-01	1.02284568e+00	
2.30000000e+00	1.07161353e-01	1.02766802e+00	
2.31000000e+00	1.07434820e-01	1.02138959e+00	
2.32000000e+00	1.08612072e-01	1.02369942e+00	
2.33000000e+00	1.10216112e-01	1.02992019e+00	
2.34000000e+00	1.10228665e-01	1.02125256e+00	
2.35000000e+00	1.10488683e-01	1.01496811e+00	
2.36000000e+00	1.11998578e-01	1.02013777e+00	
2.37000000e+00	1.12726628e-01	1.01812277e+00	
2.38000000e+00	1.13495921e-01	1.01647492e+00	
2.39000000e+00	1.15251489e-01	1.02357830e+00	
2.40000000e+00	1.15919466e-01	1.02094938e+00	
2.41000000e+00	1.16578476e-01	1.01825046e+00	
2.42000000e+00	1.17708208e-01	1.01963877e+00	
2.43000000e+00	1.18356459e-01	1.01683325e+00	
2.44000000e+00	1.19499640e-01	1.01825668e+00	
2.45000000e+00	1.20297625e-01	1.01670559e+00	
2.46000000e+00	1.20887596e-01	1.01340222e+00	
2.47000000e+00	1.21771656e-01	1.01256435e+00	
2.48000000e+00	1.23509292e-01	1.01874759e+00	
2.49000000e+00	1.23673372e-01	1.01192385e+00	
2.50000000e+00	1.24280379e-01	1.00877167e+00	
2.51000000e+00	1.25151886e-01	1.00776734e+00	
2.52000000e+00	1.26438525e-01	1.01006347e+00	
2.53000000e+00	1.27026703e-01	1.00675619e+00	
2.54000000e+00	1.28007598e-01	1.00655761e+00	
2.55000000e+00	1.29180367e-01	1.00782813e+00	
2.56000000e+00	1.29910210e-01	1.00561948e+00	
2.57000000e+00	1.30798753e-01	1.00463356e+00	
2.58000000e+00	1.31979592e-01	1.00586036e+00	
2.59000000e+00	1.32775784e-01	1.00412937e+00	
2.60000000e+00	1.34060630e-01	1.00606232e+00	
2.61000000e+00	1.34888203e-01	1.00453085e+00	
2.62000000e+00	1.35930964e-01	1.00458373e+00	
2.63000000e+00	1.37418444e-01	1.00786846e+00	
2.64000000e+00	1.37561902e-01	1.00129176e+00	
2.65000000e+00	1.38887992e-01	1.00332880e+00	
2.66000000e+00	1.39079867e-01	9.97174857e-01	
2.67000000e+00	1.40437339e-01	9.99379402e-01	
2.68000000e+00	1.41252360e-01	9.97691907e-01	
2.69000000e+00	1.42758669e-01	1.00084830e+00	
2.70000000e+00	1.43326225e-01	9.97397922e-01	
2.71000000e+00	1.43846260e-01	9.93642867e-01	
2.72000000e+00	1.45869019e-01	1.00022010e+00	
2.73000000e+00	1.46838257e-01	9.99503343e-01	
2.74000000e+00	1.47457816e-01	9.96407522e-01	
2.75000000e+00	1.48812598e-01	9.98262222e-01	
2.76000000e+00	1.49718177e-01	9.97072390e-01	
2.77000000e+00	1.51302491e-01	1.00036126e+00	
2.78000000e+00	1.51985710e-01	9.97662137e-01	
2.79000000e+00	1.52456432e-01	9.93591047e-01	
2.80000000e+00	1.54541953e-01	1.00000152e+00	
2.81000000e+00	1.54604716e-01	9.93299969e-01	
2.82000000e+00	1.56370146e-01	9.97529965e-01	
2.83000000e+00	1.57604782e-01	9.98313270e-01	
2.84000000e+00	1.58376765e-01	9.96150858e-01	
2.85000000e+00	1.60116194e-01	1.00003653e+00	
2.86000000e+00	1.60844243e-01	9.97570920e-01	
2.87000000e+00	1.61194819e-01	9.92790494e-01	
2.88000000e+00	1.63424695e-01	9.99546566e-01	
2.89000000e+00	1.64509596e-01	9.99230945e-01	
2.90000000e+00	1.66277716e-01	1.00301720e+00	
2.91000000e+00	1.66243645e-01	9.95931340e-01	
2.92000000e+00	1.67324960e-01	9.95555214e-01	
2.93000000e+00	1.68473521e-01	9.95558387e-01	
2.94000000e+00	1.70170808e-01	9.98759046e-01	
2.95000000e+00	1.69848924e-01	9.90122874e-01	
2.96000000e+00	1.71951481e-01	9.95618193e-01	
2.97000000e+00	1.73428202e-01	9.97417878e-01	
2.98000000e+00	1.74092592e-01	9.94530459e-01	
2.99000000e+00	1.75836504e-01	9.97785040e-01	
3.00000000e+00	1.76725047e-01	9.96152711e-01	
3.01000000e+00	1.78675179e-01	1.00046422e+00	
3.02000000e+00	1.79654281e-01	9.99295677e-01	
3.03000000e+00	1.81111276e-01	1.00076143e+00	
3.04000000e+00	1.82622965e-01	1.00248653e+00	
3.05000000e+00	1.83027337e-01	9.98128849e-01	
3.06000000e+00	1.84381222e-01	9.98950945e-01	
3.07000000e+00	1.85748557e-01	9.99813559e-01	
3.08000000e+00	1.86178034e-01	9.95628529e-01	
3.09000000e+00	1.88317352e-01	1.00056131e+00	
3.10000000e+00	1.89227414e-01	9.98920651e-01	
3.11000000e+00	1.90991948e-01	1.00176212e+00	
3.12000000e+00	1.91822211e-01	9.99677758e-01	
3.13000000e+00	1.93076572e-01	9.99795620e-01	
3.14000000e+00	1.93697028e-01	9.96630070e-01	
3.15000000e+00	1.95812137e-01	1.00112620e+00	
3.16000000e+00	1.96968768e-01	1.00067610e+00	
3.17000000e+00	1.98123605e-01	1.00020270e+00	
3.18000000e+00	1.99250647e-01	9.99576012e-01	
3.19000000e+00	2.01704676e-01	1.00555291e+00	
3.20000000e+00	2.02482039e-01	1.00312920e+00	
3.21000000e+00	2.03696949e-01	1.00287033e+00	
3.22000000e+00	2.04579216e-01	1.00096777e+00	
3.23000000e+00	2.05355683e-01	9.98555035e-01	
3.24000000e+00	2.07391890e-01	1.00224079e+00	
3.25000000e+00	2.08309125e-01	1.00048803e+00	
3.26000000e+00	2.10856401e-01	1.00651886e+00	
3.27000000e+00	2.11644524e-01	1.00411130e+00	
3.28000000e+00	2.13578517e-01	1.00711765e+00	
3.29000000e+00	2.14781772e-01	1.00664409e+00	
3.30000000e+00	2.15408504e-01	1.00347207e+00	
3.31000000e+00	2.17587273e-01	1.00750643e+00	
3.32000000e+00	2.18120757e-01	1.00390162e+00	
3.33000000e+00	2.19804596e-01	1.00558463e+00	
3.34000000e+00	2.21890117e-01	1.00905619e+00	
3.35000000e+00	2.22655824e-01	1.00650230e+00	
3.36000000e+00	2.23703964e-01	1.00523002e+00	
3.37000000e+00	2.25088334e-01	1.00545702e+00	
3.38000000e+00	2.26521121e-01	1.00587874e+00	
3.39000000e+00	2.27987980e-01	1.00642839e+00	
3.40000000e+00	2.29196614e-01	1.00582097e+00	
3.41000000e+00	2.30631194e-01	1.00618911e+00	
3.42000000e+00	2.32869139e-01	1.01002018e+00	
3.43000000e+00	2.33217921e-01	1.00564339e+00	
3.44000000e+00	2.34457937e-01	1.00512107e+00	
3.45000000e+00	2.36013560e-01	1.00593308e+00	
3.46000000e+00	2.37796026e-01	1.00768019e+00	
3.47000000e+00	2.38674706e-01	1.00558265e+00	
3.48000000e+00	2.40147841e-01	1.00598273e+00	
3.49000000e+00	2.41602146e-01	1.00628329e+00	
3.50000000e+00	2.42344542e-01	1.00361577e+00	
3.51000000e+00	2.43750430e-01	1.00369436e+00	
3.52000000e+00	2.45299777e-01	1.00434322e+00	
3.53000000e+00	2.47528756e-01	1.00773554e+00	
3.54000000e+00	2.47748426e-01	1.00293943e+00	
3.55000000e+00	2.49448404e-01	1.00414019e+00	
3.56000000e+00	2.50830084e-01	1.00403754e+00	
3.57000000e+00	2.51394053e-01	1.00066542e+00	
3.58000000e+00	2.53745868e-01	1.00439202e+00	
3.59000000e+00	2.54604823e-01	1.00218536e+00	
3.60000000e+00	2.55578545e-01	1.00043693e+00	
3.61000000e+00	2.56806007e-01	9.99680223e-01	
3.62000000e+00	2.57984156e-01	9.98725686e-01	
3.63000000e+00	2.59879596e-01	1.00052802e+00	
3.64000000e+00	2.62419699e-01	1.00476383e+00	
3.65000000e+00	2.62978289e-01	1.00139286e+00	
3.66000000e+00	2.64888971e-01	1.00316421e+00	
3.67000000e+00	2.65861795e-01	1.00136897e+00	
3.68000000e+00	2.67428178e-01	1.00180190e+00	
3.69000000e+00	2.69046564e-01	1.00240920e+00	
3.70000000e+00	2.70049873e-01	1.00071603e+00	
3.71000000e+00	2.71075598e-01	9.99109137e-01	
3.72000000e+00	2.72910068e-01	1.00046984e+00	
3.73000000e+00	2.75425066e-01	1.00428303e+00	
3.74000000e+00	2.76692876e-01	1.00351784e+00	
3.75000000e+00	2.77407477e-01	1.00075081e+00	
3.76000000e+00	2.80090142e-01	1.00506109e+00	
3.77000000e+00	2.80669354e-01	1.00180367e+00	
3.78000000e+00	2.81929094e-01	1.00098282e+00	
3.79000000e+00	2.82698388e-01	9.98424518e-01	
3.80000000e+00	2.85274356e-01	1.00222646e+00	
3.81000000e+00	2.86608516e-01	1.00163494e+00	
3.82000000e+00	2.88158759e-01	1.00178708e+00	
3.83000000e+00	2.90118755e-01	1.00334105e+00	
3.84000000e+00	2.91693206e-01	1.00353885e+00	
3.85000000e+00	2.92375529e-01	1.00066771e+00	
3.86000000e+00	2.94327454e-01	1.00213560e+00	
3.87000000e+00	2.95418632e-01	1.00065940e+00	
3.88000000e+00	2.97246825e-01	1.00166869e+00	
3.89000000e+00	2.99121642e-01	1.00281070e+00	
3.90000000e+00	2.99277653e-01	9.98195023e-01	
3.91000000e+00	3.01403522e-01	1.00014998e+00	
3.92000000e+00	3.04110395e-01	1.00399016e+00	
3.93000000e+00	3.05148673e-01	1.00229764e+00	
3.94000000e+00	3.06511524e-01	1.00167005e+00	
3.95000000e+00	3.07715675e-01	1.00051995e+00	
3.96000000e+00	3.09820921e-01	1.00228376e+00	
3.97000000e+00	3.10672703e-01	9.99982519e-01	
3.98000000e+00	3.13044244e-01	1.00255892e+00	
3.99000000e+00	3.13913062e-01	1.00030841e+00	
4.00000000e+00	3.16698837e-01	1.00414588e+00	
4.01000000e+00	3.17278946e-01	1.00097408e+00	
4.02000000e+00	3.19236251e-01	1.00214467e+00	
4.03000000e+00	3.20005545e-01	9.99580410e-01	
4.04000000e+00	3.23087202e-01	1.00421649e+00	
4.05000000e+00	3.24851736e-01	1.00472098e+00	
4.06000000e+00	3.24621307e-01	9.99068531e-01	
4.07000000e+00	3.26782143e-01	1.00078278e+00	
4.08000000e+00	3.29296245e-01	1.00354483e+00	
4.09000000e+00	3.30033261e-01	1.00087864e+00	
4.10000000e+00	3.32533913e-01	1.00354894e+00	
4.11000000e+00	3.33022567e-01	1.00013896e+00	
4.12000000e+00	3.35558188e-01	1.00286791e+00	
4.13000000e+00	3.37155055e-01	1.00276669e+00	
4.14000000e+00	3.38557357e-01	1.00207886e+00	
4.15000000e+00	3.39811719e-01	1.00095023e+00	
4.16000000e+00	3.42139325e-01	1.00296703e+00	
4.17000000e+00	3.43605287e-01	1.00243923e+00	
4.18000000e+00	3.45151944e-01	1.00213928e+00	
4.19000000e+00	3.46638527e-01	1.00165718e+00	
4.20000000e+00	3.47746741e-01	1.00008016e+00	
4.21000000e+00	3.49645766e-01	1.00077030e+00	
4.22000000e+00	3.52112348e-01	1.00305946e+00	
4.23000000e+00	3.52335604e-01	9.98955453e-01	
4.24000000e+00	3.53882261e-01	9.98613437e-01	
4.25000000e+00	3.56780113e-01	1.00205856e+00	
4.26000000e+00	3.58637895e-01	1.00255291e+00	
4.27000000e+00	3.59547957e-01	1.00039474e+00	
4.28000000e+00	3.61949982e-01	1.00237758e+00	
4.29000000e+00	3.63682238e-01	1.00248488e+00	
4.30000000e+00	3.64866663e-01	1.00107727e+00	
4.31000000e+00	3.65661958e-01	9.98609207e-01	
4.32000000e+00	3.64106335e-01	9.89762664e-01	
4.33000000e+00	3.62970327e-01	9.82122488e-01	
4.34000000e+00	3.62681618e-01	9.76824200e-01	
4.35000000e+00	3.61255107e-01	9.68513785e-01	
4.36000000e+00	3.60174689e-01	9.61192860e-01	
4.37000000e+00	3.60285869e-01	9.57094189e-01	
4.38000000e+00	3.57469608e-01	9.45281653e-01	
4.39000000e+00	3.58574235e-01	9.43887784e-01	
4.40000000e+00	3.56720937e-01	9.34745907e-01	
4.41000000e+00	3.56814185e-01	9.30754741e-01	
4.42000000e+00	3.56176693e-01	9.24892555e-01	
4.43000000e+00	3.54931298e-01	9.17502317e-01	
4.44000000e+00	3.52785704e-01	9.07852643e-01	
4.45000000e+00	3.52282704e-01	9.02488392e-01	
4.46000000e+00	3.51348434e-01	8.96063175e-01	
4.47000000e+00	3.50187320e-01	8.89110411e-01	
4.48000000e+00	3.49138283e-01	8.82494017e-01	
4.49000000e+00	3.48816400e-01	8.77757478e-01	
4.50000000e+00	3.47787088e-01	8.71282020e-01	
4.51000000e+00	3.46412581e-01	8.63994340e-01	
4.52000000e+00	3.46140907e-01	8.59500994e-01	
4.53000000e+00	3.44786126e-01	8.52361259e-01	
4.54000000e+00	3.44596940e-01	8.48144864e-01	
4.55000000e+00	3.42951656e-01	8.40389149e-01	
4.56000000e+00	3.42140222e-01	8.34727597e-01	
4.57000000e+00	3.40569356e-01	8.27262796e-01	
4.58000000e+00	3.39686193e-01	8.21518340e-01	
4.59000000e+00	3.38324238e-01	8.14663139e-01	
4.60000000e+00	3.37632950e-01	8.09467627e-01	
4.61000000e+00	3.36296100e-01	8.02768468e-01	
4.62000000e+00	3.35598536e-01	7.97639093e-01	
4.63000000e+00	3.32894352e-01	7.87797811e-01	
4.64000000e+00	3.33028844e-01	7.84722696e-01	
4.65000000e+00	3.31659716e-01	7.78138931e-01	
4.66000000e+00	3.30263690e-01	7.71541553e-01	
4.67000000e+00	3.30254724e-01	7.68219988e-01	
4.68000000e+00	3.29029055e-01	7.62101591e-01	
4.69000000e+00	3.26014643e-01	7.51902876e-01	
4.70000000e+00	3.25709794e-01	7.48006596e-01	
4.71000000e+00	3.24029542e-01	7.40991316e-01	
4.72000000e+00	3.22834358e-01	7.35133267e-01	
4.73000000e+00	3.22996645e-01	7.32396153e-01	
4.74000000e+00	3.22104515e-01	7.27294752e-01	
4.75000000e+00	3.18960094e-01	7.17165612e-01	
4.76000000e+00	3.18371916e-01	7.12838539e-01	
4.77000000e+00	3.16614556e-01	7.05934559e-01	
4.78000000e+00	3.16189561e-01	7.02040327e-01	
4.79000000e+00	3.14599867e-01	6.95597212e-01	
4.80000000e+00	3.12484758e-01	6.88044755e-01	
4.81000000e+00	3.12809331e-01	6.85898530e-01	
4.82000000e+00	3.11063627e-01	6.79243482e-01	
4.83000000e+00	3.10191222e-01	6.74536675e-01	
4.84000000e+00	3.09358269e-01	6.69948364e-01	
4.85000000e+00	3.07356133e-01	6.62870561e-01	
4.86000000e+00	3.04769406e-01	6.54589681e-01	
4.87000000e+00	3.05137017e-01	6.52690511e-01	
4.88000000e+00	3.03922107e-01	6.47430227e-01	
4.89000000e+00	3.02025771e-01	6.40761793e-01	
4.90000000e+00	3.00845829e-01	6.35656012e-01	
4.91000000e+00	2.99837139e-01	6.30946835e-01	
4.92000000e+00	2.98765687e-01	6.26139118e-01	
4.93000000e+00	2.96732170e-01	6.19357097e-01	
4.94000000e+00	2.95648165e-01	6.14598668e-01	
4.95000000e+00	2.94485258e-01	6.09710236e-01	
4.96000000e+00	2.93575196e-01	6.05377579e-01	
4.97000000e+00	2.91859080e-01	5.99419347e-01	
4.98000000e+00	2.91252970e-01	5.95774625e-01	
4.99000000e+00	2.88451055e-01	5.87680615e-01	
5.00000000e+00	2.87698797e-01	5.83805742e-01	
5.01000000e+00	2.86735835e-01	5.79531232e-01	
5.02000000e+00	2.85604310e-01	5.74946782e-01	
5.03000000e+00	2.84332913e-01	5.70113716e-01	
5.04000000e+00	2.81409956e-01	5.62016039e-01	
5.05000000e+00	2.80499894e-01	5.57982104e-01	
5.06000000e+00	2.78700392e-01	5.52213311e-01	
5.07000000e+00	2.78455617e-01	5.49554020e-01	
5.08000000e+00	2.75497692e-01	5.41577814e-01	
5.09000000e+00	2.74655772e-01	5.37803336e-01	
5.10000000e+00	2.73717916e-01	5.33867148e-01	
5.11000000e+00	2.71986557e-01	5.28416005e-01	
5.12000000e+00	2.70216643e-01	5.22928724e-01	
5.13000000e+00	2.69016975e-01	5.18579423e-01	
5.14000000e+00	2.66773650e-01	5.12255958e-01	
5.15000000e+00	2.65547084e-01	5.07922445e-01	
5.16000000e+00	2.66155884e-01	5.07115627e-01	
5.17000000e+00	2.63052708e-01	4.99266028e-01	
5.18000000e+00	2.61479153e-01	4.94365180e-01	
5.19000000e+00	2.60567298e-01	4.90744587e-01	
5.20000000e+00	2.58652133e-01	4.85265819e-01	
5.21000000e+00	2.56535230e-01	4.79448423e-01	
5.22000000e+00	2.55045957e-01	4.74840509e-01	
5.23000000e+00	2.53559373e-01	4.70269287e-01	
5.24000000e+00	2.51023752e-01	4.63791269e-01	
5.25000000e+00	2.50622966e-01	4.61288454e-01	
5.26000000e+00	2.48896090e-01	4.56369815e-01	
5.27000000e+00	2.46472546e-01	4.50212601e-01	
5.28000000e+00	2.45638697e-01	4.46991500e-01	
5.29000000e+00	2.44265983e-01	4.42814640e-01	
5.30000000e+00	2.41539384e-01	4.36220970e-01	
5.31000000e+00	2.40881270e-01	4.33395417e-01	
5.32000000e+00	2.39063836e-01	4.28509983e-01	
5.33000000e+00	2.36384757e-01	4.22119462e-01	
5.34000000e+00	2.35504284e-01	4.18973565e-01	
5.35000000e+00	2.33597189e-01	4.14028629e-01	
5.36000000e+00	2.31448008e-01	4.08690171e-01	
5.37000000e+00	2.30744167e-01	4.05931249e-01	
5.38000000e+00	2.28740238e-01	4.00911341e-01	
5.39000000e+00	2.26864524e-01	3.96149747e-01	
5.40000000e+00	2.23499537e-01	3.88829702e-01	
5.41000000e+00	2.23886873e-01	3.88064956e-01	
5.42000000e+00	2.21866805e-01	3.83145811e-01	
5.43000000e+00	2.19235247e-01	3.77208129e-01	
5.44000000e+00	2.17589963e-01	3.73002191e-01	
5.45000000e+00	2.16728318e-01	3.70162978e-01	
5.46000000e+00	2.14890262e-01	3.65680477e-01	
5.47000000e+00	2.13061172e-01	3.61243452e-01	
5.48000000e+00	2.10065589e-01	3.54865782e-01	
5.49000000e+00	2.08691082e-01	3.51260671e-01	
5.50000000e+00	2.06722120e-01	3.46682482e-01	
5.51000000e+00	2.05742123e-01	3.43787707e-01	
5.52000000e+00	2.03896894e-01	3.39471078e-01	
5.53000000e+00	2.02888205e-01	3.36571130e-01	
5.54000000e+00	2.00600049e-01	3.31575040e-01	
5.55000000e+00	1.97644814e-01	3.25514082e-01	
5.56000000e+00	1.96856691e-01	3.23050876e-01	
5.57000000e+00	1.95216787e-01	3.19210446e-01	
5.58000000e+00	1.93450460e-01	3.15189465e-01	
5.59000000e+00	1.91281554e-01	3.10541610e-01	
5.60000000e+00	1.89864906e-01	3.07141831e-01	
5.61000000e+00	1.87477226e-01	3.02199069e-01	
5.62000000e+00	1.86017541e-01	2.98780048e-01	
5.63000000e+00	1.84239558e-01	2.94873957e-01	
5.64000000e+00	1.81720076e-01	2.89811108e-01	
5.65000000e+00	1.80595724e-01	2.86999336e-01	
5.66000000e+00	1.78361365e-01	2.82447835e-01	
5.67000000e+00	1.76352953e-01	2.78283171e-01	
5.68000000e+00	1.74427029e-01	2.74275766e-01	
5.69000000e+00	1.72059075e-01	2.69602165e-01	
5.70000000e+00	1.70673808e-01	2.66494035e-01	
5.71000000e+00	1.68008179e-01	2.61413813e-01	
5.72000000e+00	1.66435520e-01	2.58062134e-01	
5.73000000e+00	1.63932177e-01	2.53294225e-01	
5.74000000e+00	1.62495804e-01	2.50200798e-01	
5.75000000e+00	1.60680163e-01	2.46545398e-01	
5.76000000e+00	1.58506774e-01	2.42366832e-01	
5.77000000e+00	1.57360006e-01	2.39780059e-01	
5.78000000e+00	1.54194067e-01	2.34143611e-01	
5.79000000e+00	1.53325249e-01	2.32020777e-01	
5.80000000e+00	1.50656930e-01	2.27197450e-01	
5.81000000e+00	1.48792872e-01	2.23614617e-01	
5.82000000e+00	1.46535202e-01	2.19465532e-01	
5.83000000e+00	1.44094622e-01	2.15070571e-01	
5.84000000e+00	1.42122971e-01	2.11401910e-01	
5.85000000e+00	1.39983653e-01	2.07508512e-01	
5.86000000e+00	1.38086421e-01	2.03998073e-01	
5.87000000e+00	1.35817094e-01	1.99962499e-01	
5.88000000e+00	1.33866065e-01	1.96420209e-01	
5.89000000e+00	1.32127533e-01	1.93211539e-01	
5.90000000e+00	1.30419486e-01	1.90067904e-01	
5.91000000e+00	1.27680334e-01	1.85446813e-01	
5.92000000e+00	1.25412800e-01	1.81538515e-01	
5.93000000e+00	1.23531707e-01	1.78213000e-01	
5.94000000e+00	1.21673029e-01	1.74941061e-01	
5.95000000e+00	1.19210034e-01	1.70824125e-01	
5.96000000e+00	1.17423085e-01	1.67699316e-01	
5.97000000e+00	1.14126240e-01	1.62445308e-01	
5.98000000e+00	1.12281908e-01	1.59286049e-01	
5.99000000e+00	1.10068171e-01	1.55624666e-01	
6.00000000e+00	1.08591450e-01	1.53025377e-01	
6.01000000e+00	1.06274603e-01	1.49262555e-01	
6.02000000e+00	1.03943410e-01	1.45503789e-01	
6.03000000e+00	1.01283160e-01	1.41310016e-01	
6.04000000e+00	9.91214272e-02	1.37836423e-01	
6.05000000e+00	9.72699220e-02	1.34814977e-01	
6.06000000e+00	9.41658490e-02	1.30082389e-01	
6.07000000e+00	9.27115432e-02	1.27651744e-01	
6.08000000e+00	9.04081453e-02	1.24071127e-01	
6.09000000e+00	8.82930360e-02	1.20770869e-01	
6.10000000e+00	8.57188610e-02	1.16865695e-01	
6.11000000e+00	8.40395055e-02	1.14201391e-01	
6.12000000e+00	8.25600946e-02	1.11824680e-01	
6.13000000e+00	8.05337499e-02	1.08724470e-01	
6.14000000e+00	7.95017488e-02	1.06981890e-01	
6.15000000e+00	7.72889087e-02	1.03666221e-01	
6.16000000e+00	7.55692056e-02	1.01030792e-01	
6.17000000e+00	7.40709658e-02	9.87070118e-02	
6.18000000e+00	7.26390754e-02	9.64858623e-02	
6.19000000e+00	7.14707891e-02	9.46275518e-02	
6.20000000e+00	6.97188079e-02	9.20103958e-02	
6.21000000e+00	6.82833310e-02	8.98259510e-02	
6.22000000e+00	6.70289699e-02	8.78925573e-02	
6.23000000e+00	6.52500904e-02	8.52855293e-02	
6.24000000e+00	6.41400839e-02	8.35662030e-02	
6.25000000e+00	6.25871508e-02	8.12822040e-02	
6.26000000e+00	6.15183884e-02	7.96391486e-02	
6.27000000e+00	6.04406600e-02	7.79945832e-02	
6.28000000e+00	5.85586700e-02	7.53255380e-02	
6.29000000e+00	5.77929628e-02	7.41043997e-02	
6.30000000e+00	5.63861775e-02	7.20712211e-02	
6.31000000e+00	5.53658323e-02	7.05429212e-02	
6.32000000e+00	5.37196515e-02	6.82290548e-02	
6.33000000e+00	5.29512544e-02	6.70407953e-02	
6.34000000e+00	5.15453657e-02	6.50551129e-02	
6.35000000e+00	5.06075089e-02	6.36704376e-02	
6.36000000e+00	4.93988750e-02	6.19545422e-02	
6.37000000e+00	4.85273675e-02	6.06705864e-02	
6.38000000e+00	4.73940491e-02	5.90680701e-02	
6.39000000e+00	4.62167966e-02	5.74206956e-02	
6.40000000e+00	4.52861127e-02	5.60887059e-02	
6.41000000e+00	4.43536355e-02	5.47625281e-02	
6.42000000e+00	4.33386700e-02	5.33428049e-02	
6.43000000e+00	4.24635760e-02	5.21032656e-02	
6.44000000e+00	4.16117940e-02	5.08996774e-02	
6.45000000e+00	4.04811654e-02	4.93632679e-02	
6.46000000e+00	3.94303353e-02	4.79331268e-02	
6.47000000e+00	3.84727530e-02	4.66245903e-02	
6.48000000e+00	3.79643736e-02	4.58666005e-02	
6.49000000e+00	3.69063707e-02	4.44510753e-02	
6.50000000e+00	3.61801144e-02	4.34423738e-02	
6.51000000e+00	3.53570240e-02	4.23237413e-02	
6.52000000e+00	3.44370994e-02	4.10962030e-02	
6.53000000e+00	3.37727094e-02	4.01799938e-02	
6.54000000e+00	3.27093268e-02	3.87959539e-02	
6.55000000e+00	3.19561721e-02	3.77870055e-02	
6.56000000e+00	3.11994310e-02	3.67797964e-02	
6.57000000e+00	3.02463318e-02	3.55477648e-02	
6.58000000e+00	2.98446493e-02	3.49691453e-02	
6.59000000e+00	2.89695553e-02	3.38408548e-02	
6.60000000e+00	2.85042134e-02	3.31964401e-02	
6.61000000e+00	2.75089733e-02	3.19405057e-02	
6.62000000e+00	2.67002287e-02	3.09078878e-02	
6.63000000e+00	2.61488119e-02	3.01783318e-02	
6.64000000e+00	2.56431223e-02	2.95056421e-02	
6.65000000e+00	2.47070587e-02	2.83431478e-02	
6.66000000e+00	2.41789538e-02	2.76540901e-02	
6.67000000e+00	2.34571806e-02	2.67481943e-02	
6.68000000e+00	2.25453256e-02	2.56314934e-02	
6.69000000e+00	2.21248142e-02	2.50782786e-02	
6.70000000e+00	2.14290428e-02	2.42171756e-02	
6.71000000e+00	2.04920826e-02	2.30893327e-02	
6.72000000e+00	2.00186711e-02	2.24888383e-02	
6.73000000e+00	1.95739512e-02	2.19239447e-02	
6.74000000e+00	1.91373008e-02	2.13713135e-02	
6.75000000e+00	1.83482817e-02	2.04295207e-02	
6.76000000e+00	1.79977061e-02	1.99799358e-02	
6.77000000e+00	1.73709739e-02	1.92272492e-02	
6.78000000e+00	1.65900242e-02	1.83087189e-02	
6.79000000e+00	1.60699889e-02	1.76826093e-02	
6.80000000e+00	1.56566504e-02	1.71771598e-02	
6.81000000e+00	1.52226899e-02	1.66520422e-02	
6.82000000e+00	1.45260219e-02	1.58433957e-02	
6.83000000e+00	1.42570381e-02	1.55045165e-02	
6.84000000e+00	1.36276160e-02	1.47767188e-02	
6.85000000e+00	1.33550457e-02	1.44389150e-02	
6.86000000e+00	1.27220372e-02	1.37144613e-02	
6.87000000e+00	1.23275276e-02	1.32505173e-02	
6.88000000e+00	1.19043264e-02	1.27584605e-02	
6.89000000e+00	1.15053338e-02	1.22950728e-02	
6.90000000e+00	1.09619865e-02	1.16804993e-02	
6.91000000e+00	1.08705320e-02	1.15495491e-02	
6.92000000e+00	1.01326198e-02	1.07344521e-02	
6.93000000e+00	9.72197117e-03	1.02697101e-02	
6.94000000e+00	9.44671108e-03	9.95020474e-03	
6.95000000e+00	9.15979503e-03	9.62025251e-03	
6.96000000e+00	8.71955821e-03	9.13158838e-03	
6.97000000e+00	8.26497558e-03	8.63070642e-03	
6.98000000e+00	8.13227691e-03	8.46782040e-03	
6.99000000e+00	7.67769429e-03	7.97162368e-03	
7.00000000e+00	7.30291019e-03	7.56084273e-03	
7.01000000e+00	6.89764126e-03	7.12090009e-03	
7.02000000e+00	6.73894082e-03	6.93725635e-03	
7.03000000e+00	6.34801770e-03	6.51625099e-03	
7.04000000e+00	6.05213552e-03	6.19489074e-03	
7.05000000e+00	5.81273993e-03	5.93298136e-03	
7.06000000e+00	5.59934612e-03	5.69899449e-03	
7.07000000e+00	5.22097557e-03	5.29886870e-03	
7.08000000e+00	5.01475466e-03	5.07520396e-03	
7.09000000e+00	4.78522181e-03	4.82925267e-03	
7.10000000e+00	4.49382270e-03	4.52240613e-03	
7.11000000e+00	4.20332019e-03	4.21816533e-03	
7.12000000e+00	3.86081415e-03	3.86357400e-03	
7.13000000e+00	3.80791401e-03	3.79995451e-03	
7.14000000e+00	3.46809780e-03	3.45116114e-03	
7.15000000e+00	3.33360590e-03	3.30805330e-03	
7.16000000e+00	3.00544567e-03	2.97408353e-03	
7.17000000e+00	2.82881297e-03	2.79149111e-03	
7.18000000e+00	2.63962770e-03	2.59755118e-03	
7.19000000e+00	2.40561179e-03	2.36068526e-03	
7.20000000e+00	2.22539264e-03	2.17776985e-03	
7.21000000e+00	2.10793638e-03	2.05710896e-03	
7.22000000e+00	1.93578675e-03	1.88388090e-03	
7.23000000e+00	1.75736083e-03	1.70551158e-03	
7.24000000e+00	1.67218263e-03	1.61836657e-03	
7.25000000e+00	1.47313462e-03	1.42179423e-03	
7.26000000e+00	1.37271400e-03	1.32122610e-03	
7.27000000e+00	1.24808484e-03	1.19796908e-03	
7.28000000e+00	1.03648425e-03	9.92133860e-04	
7.29000000e+00	9.54892493e-04	9.11527441e-04	
7.30000000e+00	8.64334613e-04	8.22823165e-04	
7.31000000e+00	7.34325776e-04	6.97146970e-04	
7.32000000e+00	6.07006777e-04	5.74700669e-04	
7.33000000e+00	5.69349045e-04	5.37577363e-04	
7.34000000e+00	4.56375849e-04	4.29735131e-04	
7.35000000e+00	4.06165539e-04	3.81415836e-04	
7.36000000e+00	3.03055082e-04	2.83815603e-04	
7.37000000e+00	2.42982033e-04	2.26939196e-04	
7.38000000e+00	1.85598822e-04	1.72875249e-04	
7.39000000e+00	1.37181738e-04	1.27431780e-04	
7.40000000e+00	9.41443303e-05	8.72169823e-05	
7.41000000e+00	7.35222389e-05	6.79285951e-05	
7.42000000e+00	4.84170841e-05	4.46129709e-05	
7.43000000e+00	2.95882181e-05	2.71901441e-05	
7.44000000e+00	5.37967601e-06	4.93038207e-06	
7.45000000e+00	2.68983801e-06	2.45857751e-06	
