1.00000000e+00	2.28106541e-02	1.54293205e+00	
1.01000000e+00	2.27619421e-02	1.50930020e+00	
1.02000000e+00	2.34881348e-02	1.52706403e+00	
1.03000000e+00	2.36419620e-02	1.50736396e+00	
1.04000000e+00	2.36092737e-02	1.47647130e+00	
1.05000000e+00	2.37124662e-02	1.45481305e+00	
1.06000000e+00	2.40585774e-02	1.44832916e+00	
1.07000000e+00	2.44809613e-02	1.44633859e+00	
1.08000000e+00	2.47879748e-02	1.43748260e+00	
1.09000000e+00	2.46309429e-02	1.40228763e+00	
1.10000000e+00	2.49187280e-02	1.39299501e+00	
1.11000000e+00	2.52821448e-02	1.38796022e+00	
1.12000000e+00	2.54084113e-02	1.37009451e+00	
1.13000000e+00	2.55628794e-02	1.35413495e+00	
1.14000000e+00	2.58102849e-02	1.34335921e+00	
1.15000000e+00	2.61570371e-02	1.33783308e+00	
1.16000000e+00	2.64121339e-02	1.32768966e+00	
1.17000000e+00	2.64204662e-02	1.30550282e+00	
1.18000000e+00	2.66659488e-02	1.29539462e+00	
1.19000000e+00	2.67518357e-02	1.27781719e+00	
1.20000000e+00	2.73709902e-02	1.28569241e+00	
1.21000000e+00	2.75023843e-02	1.27059946e+00	
1.22000000e+00	2.76888998e-02	1.25833159e+00	
1.23000000e+00	2.77344070e-02	1.23998869e+00	
1.24000000e+00	2.83003630e-02	1.24496659e+00	
1.25000000e+00	2.81881974e-02	1.22027114e+00	
1.26000000e+00	2.86490381e-02	1.22061307e+00	
1.27000000e+00	2.88349126e-02	1.20926159e+00	
1.28000000e+00	2.92778068e-02	1.20872544e+00	
1.29000000e+00	2.91720506e-02	1.18575946e+00	
1.30000000e+00	2.95976393e-02	1.18462101e+00	
1.31000000e+00	2.98347896e-02	1.17595161e+00	
1.32000000e+00	3.01571858e-02	1.17071723e+00	
1.33000000e+00	3.04616355e-02	1.16482048e+00	
1.34000000e+00	3.05167569e-02	1.14957641e+00	
1.35000000e+00	3.06821212e-02	1.13874611e+00	
1.36000000e+00	3.09731110e-02	1.13270306e+00	
1.37000000e+00	3.13692161e-02	1.13050267e+00	
1.38000000e+00	3.17928819e-02	1.12922578e+00	
1.39000000e+00	3.19185075e-02	1.11743440e+00	
1.40000000e+00	3.22607730e-02	1.11333987e+00	
1.41000000e+00	3.22633368e-02	1.09769104e+00	
1.42000000e+00	3.28363432e-02	1.10150674e+00	
1.43000000e+00	3.28369842e-02	1.08617612e+00	
1.44000000e+00	3.31459205e-02	1.08122023e+00	
1.45000000e+00	3.34253733e-02	1.07534872e+00	
1.46000000e+00	3.36548322e-02	1.06794966e+00	
1.47000000e+00	3.41586164e-02	1.06923868e+00	
1.48000000e+00	3.43380815e-02	1.06038032e+00	
1.49000000e+00	3.45829231e-02	1.05365449e+00	
1.50000000e+00	3.47546969e-02	1.04481656e+00	
1.51000000e+00	3.50354315e-02	1.03935196e+00	
1.52000000e+00	3.54853762e-02	1.03889415e+00	
1.53000000e+00	3.60929937e-02	1.04291546e+00	
1.54000000e+00	3.59898013e-02	1.02647191e+00	
1.55000000e+00	3.64455144e-02	1.02610015e+00	
1.56000000e+00	3.65987007e-02	1.01724493e+00	
1.57000000e+00	3.71697842e-02	1.01999912e+00	
1.58000000e+00	3.73178429e-02	1.01114030e+00	
1.59000000e+00	3.80395490e-02	1.01777123e+00	
1.60000000e+00	3.82247826e-02	1.00998313e+00	
1.61000000e+00	3.85696119e-02	1.00647404e+00	
1.62000000e+00	3.89509753e-02	1.00391598e+00	
1.63000000e+00	3.95714117e-02	1.00743120e+00	
1.64000000e+00	3.93900238e-02	9.90621179e-01	
1.65000000e+00	3.97143429e-02	9.86707783e-01	
1.66000000e+00	4.01066023e-02	9.84484214e-01	
1.67000000e+00	4.07597270e-02	9.88569907e-01	
1.68000000e+00	4.11558321e-02	9.86329188e-01	
1.69000000e+00	4.17147377e-02	9.87927715e-01	
1.70000000e+00	4.21281483e-02	9.86015154e-01	
1.71000000e+00	4.25031022e-02	9.83190039e-01	
1.72000000e+00	4.29408688e-02	9.81799926e-01	
1.73000000e+00	4.30479069e-02	9.72901550e-01	
1.74000000e+00	4.35555368e-02	9.73092074e-01	
1.75000000e+00	4.39638198e-02	9.71020467e-01	
1.76000000e+00	4.45534909e-02	9.72893862e-01	
1.77000000e+00	4.48963974e-02	9.69335286e-01	
1.78000000e+00	4.52546866e-02	9.66123439e-01	
1.79000000e+00	4.59353721e-02	9.69728675e-01	
1.80000000e+00	4.61962374e-02	9.64429877e-01	
1.81000000e+00	4.63789072e-02	9.57574172e-01	
1.82000000e+00	4.78293697e-02	9.76699451e-01	
1.83000000e+00	4.74935136e-02	9.59270707e-01	
1.84000000e+00	4.86081200e-02	9.71140889e-01	
1.85000000e+00	4.89689730e-02	9.67802192e-01	
1.86000000e+00	4.93823837e-02	9.65506547e-01	
1.87000000e+00	4.99617996e-02	9.66415577e-01	
1.88000000e+00	5.08322053e-02	9.72819605e-01	
1.89000000e+00	5.13923927e-02	9.73160093e-01	
1.90000000e+00	5.18891265e-02	9.72250599e-01	
1.91000000e+00	5.23698365e-02	9.71009649e-01	
1.92000000e+00	5.31787113e-02	9.75763151e-01	
1.93000000e+00	5.34184254e-02	9.70030805e-01	
1.94000000e+00	5.40644998e-02	9.71667755e-01	
1.95000000e+00	5.46375062e-02	9.71920421e-01	
1.96000000e+00	5.56476382e-02	9.79814035e-01	
1.97000000e+00	5.60873277e-02	9.77555352e-01	
1.98000000e+00	5.66539246e-02	9.77481804e-01	
1.99000000e+00	5.73640937e-02	9.79812656e-01	
2.00000000e+00	5.80499067e-02	9.81636269e-01	
2.01000000e+00	5.86921353e-02	9.82645472e-01	
2.02000000e+00	5.93946130e-02	9.84585373e-01	
2.03000000e+00	6.00631204e-02	9.85881863e-01	
2.04000000e+00	6.04169230e-02	9.81990599e-01	
2.05000000e+00	6.16558731e-02	9.92374947e-01	
2.06000000e+00	6.20872303e-02	9.89639241e-01	
2.07000000e+00	6.25531986e-02	9.87456317e-01	
2.08000000e+00	6.39831508e-02	1.00034087e+00	
2.09000000e+00	6.41972270e-02	9.94106146e-01	
2.10000000e+00	6.45241099e-02	9.89674759e-01	
2.11000000e+00	6.59232966e-02	1.00157406e+00	
2.12000000e+00	6.62828677e-02	9.97559089e-01	
2.13000000e+00	6.72782581e-02	1.00305464e+00	
2.14000000e+00	6.80755958e-02	1.00547891e+00	
2.15000000e+00	6.84479859e-02	1.00159654e+00	
2.16000000e+00	6.92972403e-02	1.00465627e+00	
2.17000000e+00	6.99471603e-02	1.00475386e+00	
2.18000000e+00	7.03246780e-02	1.00093028e+00	
2.19000000e+00	7.11066330e-02	1.00283838e+00	
2.20000000e+00	7.20129317e-02	1.00640826e+00	
2.21000000e+00	7.26872077e-02	1.00665928e+00	
2.22000000e+00	7.35473583e-02	1.00941602e+00	
2.23000000e+00	7.41626672e-02	1.00875262e+00	
2.24000000e+00	7.51644669e-02	1.01327099e+00	
2.25000000e+00	7.52567633e-02	1.00551733e+00	
2.26000000e+00	7.58304106e-02	1.00423555e+00	
2.27000000e+00	7.70770521e-02	1.01177150e+00	
2.28000000e+00	7.73616324e-02	1.00661870e+00	
2.29000000e+00	7.81269228e-02	1.00771754e+00	
2.30000000e+00	7.92094819e-02	1.01281602e+00	
2.31000000e+00	8.00036149e-02	1.01413253e+00	
2.32000000e+00	8.00254071e-02	1.00568271e+00	
2.33000000e+00	8.11361679e-02	1.01090818e+00	
2.34000000e+00	8.13585764e-02	1.00503385e+00	
2.35000000e+00	8.20078554e-02	1.00445108e+00	
2.36000000e+00	8.32474465e-02	1.01101122e+00	
2.37000000e+00	8.37960969e-02	1.00910454e+00	
2.38000000e+00	8.44761414e-02	1.00876317e+00	
2.39000000e+00	8.49581334e-02	1.00604689e+00	
2.40000000e+00	8.59567284e-02	1.00940733e+00	
2.41000000e+00	8.62470773e-02	1.00442928e+00	
2.42000000e+00	8.70546702e-02	1.00547298e+00	
2.43000000e+00	8.76122939e-02	1.00360211e+00	
2.44000000e+00	8.89941751e-02	1.01109274e+00	
2.45000000e+00	8.92890106e-02	1.00617820e+00	
2.46000000e+00	8.97915128e-02	1.00363116e+00	
2.47000000e+00	9.05721860e-02	1.00417639e+00	
2.48000000e+00	9.15092501e-02	1.00640016e+00	
2.49000000e+00	9.23604274e-02	1.00761889e+00	
2.50000000e+00	9.33494083e-02	1.01027734e+00	
2.51000000e+00	9.35442561e-02	1.00433534e+00	
2.52000000e+00	9.43838963e-02	1.00532361e+00	
2.53000000e+00	9.55414462e-02	1.00962438e+00	
2.54000000e+00	9.59260142e-02	1.00572218e+00	
2.55000000e+00	9.66695125e-02	1.00558371e+00	
2.56000000e+00	9.80212692e-02	1.01169465e+00	
2.57000000e+00	9.80058865e-02	1.00367932e+00	
2.58000000e+00	9.95332626e-02	1.01143479e+00	
2.59000000e+00	9.96409416e-02	1.00472534e+00	
2.60000000e+00	1.00770931e-01	1.00831827e+00	
2.61000000e+00	1.01309967e-01	1.00595886e+00	
2.62000000e+00	1.02263055e-01	1.00768604e+00	
2.63000000e+00	1.02680311e-01	1.00411797e+00	
2.64000000e+00	1.03405863e-01	1.00356700e+00	
2.65000000e+00	1.04071166e-01	1.00241541e+00	
2.66000000e+00	1.04990283e-01	1.00367913e+00	
2.67000000e+00	1.06051691e-01	1.00624593e+00	
2.68000000e+00	1.06574704e-01	1.00367616e+00	
2.69000000e+00	1.07761096e-01	1.00731778e+00	
2.70000000e+00	1.08295646e-01	1.00482985e+00	
2.71000000e+00	1.08678932e-01	1.00095797e+00	
2.72000000e+00	1.09997359e-01	1.00566541e+00	
2.73000000e+00	1.10522936e-01	1.00308140e+00	
2.74000000e+00	1.11306173e-01	1.00282969e+00	
2.75000000e+00	1.12184270e-01	1.00340356e+00	
2.76000000e+00	1.12569479e-01	9.99566177e-01	
2.77000000e+00	1.13946873e-01	1.00450461e+00	
2.78000000e+00	1.14502574e-01	1.00215459e+00	
2.79000000e+00	1.15297989e-01	1.00189541e+00	
2.80000000e+00	1.16336964e-01	1.00371571e+00	
2.81000000e+00	1.16746529e-01	1.00009302e+00	
2.82000000e+00	1.17989324e-01	1.00358361e+00	
2.83000000e+00	1.19052655e-01	1.00548426e+00	
2.84000000e+00	1.19434659e-01	1.00161947e+00	
2.85000000e+00	1.20315961e-01	1.00194201e+00	
2.86000000e+00	1.21247257e-01	1.00264898e+00	
2.87000000e+00	1.22015111e-01	1.00197962e+00	
2.88000000e+00	1.22626574e-01	1.00001999e+00	
2.89000000e+00	1.23811685e-01	1.00270922e+00	
2.90000000e+00	1.24212276e-01	9.99027831e-01	
2.91000000e+00	1.25542241e-01	1.00279685e+00	
2.92000000e+00	1.26162036e-01	1.00085704e+00	
2.93000000e+00	1.26570320e-01	9.97253795e-01	
2.94000000e+00	1.27381758e-01	9.96831239e-01	
2.95000000e+00	1.29136029e-01	1.00371972e+00	
2.96000000e+00	1.29442402e-01	9.99314532e-01	
2.97000000e+00	1.30461507e-01	1.00041122e+00	
2.98000000e+00	1.32022213e-01	1.00559601e+00	
2.99000000e+00	1.32155530e-01	9.99889538e-01	
3.00000000e+00	1.33188095e-01	1.00099512e+00	
3.01000000e+00	1.34349490e-01	1.00302578e+00	
3.02000000e+00	1.34393075e-01	9.96717459e-01	
3.03000000e+00	1.36415262e-01	1.00504791e+00	
3.04000000e+00	1.36712661e-01	1.00062335e+00	
3.05000000e+00	1.37236315e-01	9.97880255e-01	
3.06000000e+00	1.38991868e-01	1.00405060e+00	
3.07000000e+00	1.40105192e-01	1.00551034e+00	
3.08000000e+00	1.40302604e-01	1.00039925e+00	
3.09000000e+00	1.41665898e-01	1.00359253e+00	
3.10000000e+00	1.42047261e-01	9.99812443e-01	
3.11000000e+00	1.43804737e-01	1.00568385e+00	
3.12000000e+00	1.44473885e-01	1.00389716e+00	
3.13000000e+00	1.45417359e-01	1.00400677e+00	
3.14000000e+00	1.45958318e-01	1.00133320e+00	
3.15000000e+00	1.47716435e-01	1.00697056e+00	
3.16000000e+00	1.47910001e-01	1.00191859e+00	
3.17000000e+00	1.49250861e-01	1.00463287e+00	
3.18000000e+00	1.49186126e-01	9.97891349e-01	
3.19000000e+00	1.50826309e-01	1.00254713e+00	
3.20000000e+00	1.51025643e-01	9.97607714e-01	
3.21000000e+00	1.52172297e-01	9.98928933e-01	
3.22000000e+00	1.53196530e-01	9.99415880e-01	
3.23000000e+00	1.54040016e-01	9.98705797e-01	
3.24000000e+00	1.55146290e-01	9.99678692e-01	
3.25000000e+00	1.56706995e-01	1.00353084e+00	
3.26000000e+00	1.57889542e-01	1.00491013e+00	
3.27000000e+00	1.57931844e-01	9.99040889e-01	
3.28000000e+00	1.58815710e-01	9.98515554e-01	
3.29000000e+00	1.60336677e-01	1.00195944e+00	
3.30000000e+00	1.61586523e-01	1.00365931e+00	
3.31000000e+00	1.61811495e-01	9.98992999e-01	
3.32000000e+00	1.62999810e-01	1.00027633e+00	
3.33000000e+00	1.64315033e-01	1.00230038e+00	
3.34000000e+00	1.65394387e-01	1.00285212e+00	
3.35000000e+00	1.66310300e-01	1.00239432e+00	
3.36000000e+00	1.67271720e-01	1.00219684e+00	
3.37000000e+00	1.69050348e-01	1.00685128e+00	
3.38000000e+00	1.69302881e-01	1.00239758e+00	
3.39000000e+00	1.70266865e-01	1.00216632e+00	
3.40000000e+00	1.71339809e-01	1.00255800e+00	
3.41000000e+00	1.72680670e-01	1.00448633e+00	
3.42000000e+00	1.72968455e-01	1.00028500e+00	
3.43000000e+00	1.74724008e-01	1.00455427e+00	
3.44000000e+00	1.75963599e-01	1.00580783e+00	
3.45000000e+00	1.76287277e-01	1.00182495e+00	
3.46000000e+00	1.76899382e-01	9.99500875e-01	
3.47000000e+00	1.77632625e-01	9.97867424e-01	
3.48000000e+00	1.78995278e-01	9.99751690e-01	
3.49000000e+00	1.79980413e-01	9.99501502e-01	
3.50000000e+00	1.80813643e-01	9.98399076e-01	
3.51000000e+00	1.82580734e-01	1.00242012e+00	
3.52000000e+00	1.83563305e-01	1.00209663e+00	
3.53000000e+00	1.84322186e-01	1.00054647e+00	
3.54000000e+00	1.84580488e-01	9.96295862e-01	
3.55000000e+00	1.86063638e-01	9.98651284e-01	
3.56000000e+00	1.87660878e-01	1.00157346e+00	
3.57000000e+00	1.87707667e-01	9.96218588e-01	
3.58000000e+00	1.89251707e-01	9.98809846e-01	
3.59000000e+00	1.90113140e-01	9.97774267e-01	
3.60000000e+00	1.91990473e-01	1.00203696e+00	
3.61000000e+00	1.93210195e-01	1.00282395e+00	
3.62000000e+00	1.94267116e-01	1.00274663e+00	
3.63000000e+00	1.94770259e-01	9.99812250e-01	
3.64000000e+00	1.96716814e-01	1.00426373e+00	
3.65000000e+00	1.97563505e-01	1.00306726e+00	
3.66000000e+00	1.98232653e-01	1.00097236e+00	
3.67000000e+00	1.99528648e-01	1.00203339e+00	
3.68000000e+00	2.00600311e-01	1.00194764e+00	
3.69000000e+00	2.02396884e-01	1.00544925e+00	
3.70000000e+00	2.02532765e-01	1.00069310e+00	
3.71000000e+00	2.04013993e-01	1.00258499e+00	
3.72000000e+00	2.04825432e-01	1.00116823e+00	
3.73000000e+00	2.06773910e-01	1.00528022e+00	
3.74000000e+00	2.07811603e-01	1.00492962e+00	
3.75000000e+00	2.08764050e-01	1.00415843e+00	
3.76000000e+00	2.09774182e-01	1.00365721e+00	
3.77000000e+00	2.11081713e-01	1.00456252e+00	
3.78000000e+00	2.11627159e-01	1.00183653e+00	
3.79000000e+00	2.12411678e-01	1.00025108e+00	
3.80000000e+00	2.14084549e-01	1.00282971e+00	
3.81000000e+00	2.15509373e-01	1.00421169e+00	
3.82000000e+00	2.16095839e-01	1.00167940e+00	
3.83000000e+00	2.18454524e-01	1.00733183e+00	
3.84000000e+00	2.19506958e-01	1.00691985e+00	
3.85000000e+00	2.20244688e-01	1.00506244e+00	
3.86000000e+00	2.21029207e-01	1.00342315e+00	
3.87000000e+00	2.21975885e-01	1.00251973e+00	
3.88000000e+00	2.23547486e-01	1.00442012e+00	
3.89000000e+00	2.24285216e-01	1.00256031e+00	
3.90000000e+00	2.25757471e-01	1.00397287e+00	
3.91000000e+00	2.26604802e-01	1.00259297e+00	
3.92000000e+00	2.26993216e-01	9.99193973e-01	
3.93000000e+00	2.28212297e-01	9.99454443e-01	
3.94000000e+00	2.29878118e-01	1.00164597e+00	
3.95000000e+00	2.30495990e-01	9.99259406e-01	
3.96000000e+00	2.31422799e-01	9.98216702e-01	
3.97000000e+00	2.33455882e-01	1.00191959e+00	
3.98000000e+00	2.34133363e-01	9.99784089e-01	
3.99000000e+00	2.35724193e-01	1.00153799e+00	
4.00000000e+00	2.37024033e-01	1.00203170e+00	
4.01000000e+00	2.38091209e-01	1.00152934e+00	
4.02000000e+00	2.38753307e-01	9.99324079e-01	
4.03000000e+00	2.39944827e-01	9.99333305e-01	
4.04000000e+00	2.41833697e-01	1.00222019e+00	
4.05000000e+00	2.42446442e-01	9.99803911e-01	
4.06000000e+00	2.43928311e-01	1.00096572e+00	
4.07000000e+00	2.46320966e-01	1.00582314e+00	
4.08000000e+00	2.46192135e-01	1.00037519e+00	
4.09000000e+00	2.47716307e-01	1.00165241e+00	
4.10000000e+00	2.48470701e-01	9.99807830e-01	
4.11000000e+00	2.49892962e-01	1.00064365e+00	
4.12000000e+00	2.51091532e-01	1.00056820e+00	
4.13000000e+00	2.52405473e-01	1.00093927e+00	
4.14000000e+00	2.53746975e-01	1.00140384e+00	
4.15000000e+00	2.55401258e-01	1.00308076e+00	
4.16000000e+00	2.56305634e-01	1.00179891e+00	
4.17000000e+00	2.57904796e-01	1.00322044e+00	
4.18000000e+00	2.58325257e-01	1.00005381e+00	
4.19000000e+00	2.59763542e-01	1.00082746e+00	
4.20000000e+00	2.60843537e-01	1.00020855e+00	
4.21000000e+00	2.61787652e-01	9.99065651e-01	
4.22000000e+00	2.63275289e-01	9.99986779e-01	
4.23000000e+00	2.65151340e-01	1.00235637e+00	
4.24000000e+00	2.65272479e-01	9.98089634e-01	
4.25000000e+00	2.67379271e-01	1.00128783e+00	
4.26000000e+00	2.68384917e-01	1.00034077e+00	
4.27000000e+00	2.69039323e-01	9.98088551e-01	
4.28000000e+00	2.71260204e-01	1.00163065e+00	
4.29000000e+00	2.72114586e-01	1.00010661e+00	
4.30000000e+00	2.74646967e-01	1.00472442e+00	
4.31000000e+00	2.75496221e-01	1.00315991e+00	
4.32000000e+00	2.76367268e-01	1.00167809e+00	
4.33000000e+00	2.77738894e-01	1.00200519e+00	
4.34000000e+00	2.79388691e-01	1.00331759e+00	
4.35000000e+00	2.80499451e-01	1.00268049e+00	
4.36000000e+00	2.81221798e-01	1.00065660e+00	
4.37000000e+00	2.82787631e-01	1.00162833e+00	
4.38000000e+00	2.84112468e-01	1.00173105e+00	
4.39000000e+00	2.85553957e-01	1.00223186e+00	
4.40000000e+00	2.87140942e-01	1.00322612e+00	
4.41000000e+00	2.87381938e-01	9.99519684e-01	
4.42000000e+00	2.88827913e-01	1.00000849e+00	
4.43000000e+00	2.90691146e-01	1.00192085e+00	
4.44000000e+00	2.91666026e-01	1.00075776e+00	
4.45000000e+00	2.93503620e-01	1.00254183e+00	
4.46000000e+00	2.94331723e-01	1.00086711e+00	
4.47000000e+00	2.95279684e-01	9.99603072e-01	
4.48000000e+00	2.97519792e-01	1.00269511e+00	
4.49000000e+00	2.98601070e-01	1.00186162e+00	
4.50000000e+00	2.99543902e-01	1.00056318e+00	
4.51000000e+00	3.00423922e-01	9.99057512e-01	
4.52000000e+00	3.00686069e-01	9.95509709e-01	
4.53000000e+00	3.02746072e-01	9.97909541e-01	
4.54000000e+00	3.04387537e-01	9.98905081e-01	
4.55000000e+00	3.07038493e-01	1.00318053e+00	
4.56000000e+00	3.06586625e-01	9.97315529e-01	
4.57000000e+00	3.08840835e-01	1.00025649e+00	
4.58000000e+00	3.10003512e-01	9.99642519e-01	
4.59000000e+00	3.10682916e-01	9.97472803e-01	
4.60000000e+00	3.13997252e-01	1.00373541e+00	
4.61000000e+00	3.14158129e-01	9.99897570e-01	
4.62000000e+00	3.15820104e-01	1.00084053e+00	
4.63000000e+00	3.17162247e-01	1.00075684e+00	
4.64000000e+00	3.18637706e-01	1.00108342e+00	
4.65000000e+00	3.19701037e-01	1.00010869e+00	
4.66000000e+00	3.21102787e-01	1.00018723e+00	
4.67000000e+00	3.22116765e-01	9.99053233e-01	
4.68000000e+00	3.23862063e-01	1.00017831e+00	
4.69000000e+00	3.25367647e-01	1.00054757e+00	
4.70000000e+00	3.26779653e-01	1.00061810e+00	
4.71000000e+00	3.27811577e-01	9.99520106e-01	
4.72000000e+00	3.30000410e-01	1.00193499e+00	
4.73000000e+00	3.30752882e-01	9.99977934e-01	
4.74000000e+00	3.32139250e-01	9.99936861e-01	
4.75000000e+00	3.31638029e-01	9.94228408e-01	
4.76000000e+00	3.30953498e-01	9.88011801e-01	
4.77000000e+00	3.29917087e-01	9.80792447e-01	
4.78000000e+00	3.29013352e-01	9.74017571e-01	
4.79000000e+00	3.29217814e-01	9.70557706e-01	
4.80000000e+00	3.27007830e-01	9.60029854e-01	
4.81000000e+00	3.27297538e-01	9.56889187e-01	
4.82000000e+00	3.26952067e-01	9.51916979e-01	
4.83000000e+00	3.25882327e-01	9.44877722e-01	
4.84000000e+00	3.25054865e-01	9.38588025e-01	
4.85000000e+00	3.24486345e-01	9.33086724e-01	
4.86000000e+00	3.23902443e-01	9.27578655e-01	
4.87000000e+00	3.23546717e-01	9.22758676e-01	
4.88000000e+00	3.21562987e-01	9.13346296e-01	
4.89000000e+00	3.20935500e-01	9.07839558e-01	
4.90000000e+00	3.20003564e-01	9.01512424e-01	
4.91000000e+00	3.19389537e-01	8.96121221e-01	
4.92000000e+00	3.18738335e-01	8.90662476e-01	
4.93000000e+00	3.17801912e-01	8.84446827e-01	
4.94000000e+00	3.16755246e-01	8.77968591e-01	
4.95000000e+00	3.16452719e-01	8.73589680e-01	
4.96000000e+00	3.15021485e-01	8.66135586e-01	
4.97000000e+00	3.14282473e-01	8.60629931e-01	
4.98000000e+00	3.13573586e-01	8.55243631e-01	
4.99000000e+00	3.12128251e-01	8.47892999e-01	
5.00000000e+00	3.12125687e-01	8.44497881e-01	
5.01000000e+00	3.10803414e-01	8.37566677e-01	
5.02000000e+00	3.10646382e-01	8.33811589e-01	
5.03000000e+00	3.09338851e-01	8.27003903e-01	
5.04000000e+00	3.08704954e-01	8.22037421e-01	
5.05000000e+00	3.06583421e-01	8.13158059e-01	
5.06000000e+00	3.06726993e-01	8.10326468e-01	
5.07000000e+00	3.06011696e-01	8.05250807e-01	
5.08000000e+00	3.05466891e-01	8.00655668e-01	
5.09000000e+00	3.03294723e-01	7.91841667e-01	
5.10000000e+00	3.03379328e-01	7.88959471e-01	
5.11000000e+00	3.01881435e-01	7.81994444e-01	
5.12000000e+00	3.01460333e-01	7.77856194e-01	
5.13000000e+00	2.99493267e-01	7.69770734e-01	
5.14000000e+00	2.99334954e-01	7.66373107e-01	
5.15000000e+00	2.98249831e-01	7.60632380e-01	
5.16000000e+00	2.97484540e-01	7.55742872e-01	
5.17000000e+00	2.96548758e-01	7.50454014e-01	
5.18000000e+00	2.95334805e-01	7.44499094e-01	
5.19000000e+00	2.95552727e-01	7.42180119e-01	
5.20000000e+00	2.93845245e-01	7.35057040e-01	
5.21000000e+00	2.92796656e-01	7.29625035e-01	
5.22000000e+00	2.91438490e-01	7.23460732e-01	
5.23000000e+00	2.90475147e-01	7.18314550e-01	
5.24000000e+00	2.89527827e-01	7.13241819e-01	
5.25000000e+00	2.89016352e-01	7.09272088e-01	
5.26000000e+00	2.87334508e-01	7.02466082e-01	
5.27000000e+00	2.86910842e-01	6.98770868e-01	
5.28000000e+00	2.84666246e-01	6.90680494e-01	
5.29000000e+00	2.83838784e-01	6.86071621e-01	
5.30000000e+00	2.82712000e-01	6.80771811e-01	
5.31000000e+00	2.83245267e-01	6.79489393e-01	
5.32000000e+00	2.80771213e-01	6.71024497e-01	
5.33000000e+00	2.80454585e-01	6.67755061e-01	
5.34000000e+00	2.79875810e-01	6.63883556e-01	
5.35000000e+00	2.77201139e-01	6.55083271e-01	
5.36000000e+00	2.77331892e-01	6.52949055e-01	
5.37000000e+00	2.75526345e-01	6.46284324e-01	
5.38000000e+00	2.74134850e-01	6.40632195e-01	
5.39000000e+00	2.72469670e-01	6.34380314e-01	
5.40000000e+00	2.72644649e-01	6.32438821e-01	
5.41000000e+00	2.71681947e-01	6.27878066e-01	
5.42000000e+00	2.70215461e-01	6.22186642e-01	
5.43000000e+00	2.69048297e-01	6.17219516e-01	
5.44000000e+00	2.68287493e-01	6.13213474e-01	
5.45000000e+00	2.68089440e-01	6.10514194e-01	
5.46000000e+00	2.65623077e-01	6.02683886e-01	
5.47000000e+00	2.64661657e-01	5.98308863e-01	
5.48000000e+00	2.63929055e-01	5.94477124e-01	
5.49000000e+00	2.63184275e-01	5.90641977e-01	
5.50000000e+00	2.61877384e-01	5.85573854e-01	
5.51000000e+00	2.60906991e-01	5.81288298e-01	
5.52000000e+00	2.58863653e-01	5.74648108e-01	
5.53000000e+00	2.58127205e-01	5.70942770e-01	
5.54000000e+00	2.57106818e-01	5.66634646e-01	
5.55000000e+00	2.55881327e-01	5.61903439e-01	
5.56000000e+00	2.54864145e-01	5.57658364e-01	
5.57000000e+00	2.53963615e-01	5.53694451e-01	
5.58000000e+00	2.51892716e-01	5.47212832e-01	
5.59000000e+00	2.50910785e-01	5.43131230e-01	
5.60000000e+00	2.49639147e-01	5.38450392e-01	
5.61000000e+00	2.48466214e-01	5.34011589e-01	
5.62000000e+00	2.46796548e-01	5.28537142e-01	
5.63000000e+00	2.45905632e-01	5.24760029e-01	
5.64000000e+00	2.45817181e-01	5.22712744e-01	
5.65000000e+00	2.43161098e-01	5.15236074e-01	
5.66000000e+00	2.42206087e-01	5.11400624e-01	
5.67000000e+00	2.41202365e-01	5.07486514e-01	
5.68000000e+00	2.39646146e-01	5.02438418e-01	
5.69000000e+00	2.39362207e-01	5.00080717e-01	
5.70000000e+00	2.37580375e-01	4.94617996e-01	
5.71000000e+00	2.36631133e-01	4.90917742e-01	
5.72000000e+00	2.35556265e-01	4.86980603e-01	
5.73000000e+00	2.33717389e-01	4.81493959e-01	
5.74000000e+00	2.32113099e-01	4.76524162e-01	
5.75000000e+00	2.30544702e-01	4.71659427e-01	
5.76000000e+00	2.29370488e-01	4.67629212e-01	
5.77000000e+00	2.28002707e-01	4.63230812e-01	
5.78000000e+00	2.27054106e-01	4.59708724e-01	
5.79000000e+00	2.25492760e-01	4.54971860e-01	
5.80000000e+00	2.24378153e-01	4.51163175e-01	
5.81000000e+00	2.23622477e-01	4.48097222e-01	
5.82000000e+00	2.21750272e-01	4.42820026e-01	
5.83000000e+00	2.19942802e-01	4.37705199e-01	
5.84000000e+00	2.18835246e-01	4.34010902e-01	
5.85000000e+00	2.17561044e-01	4.30009909e-01	
5.86000000e+00	2.16681024e-01	4.26810120e-01	
5.87000000e+00	2.15532447e-01	4.23102430e-01	
5.88000000e+00	2.12534739e-01	4.15799858e-01	
5.89000000e+00	2.12264260e-01	4.13861805e-01	
5.90000000e+00	2.10989417e-01	4.09982869e-01	
5.91000000e+00	2.09078113e-01	4.04895241e-01	
5.92000000e+00	2.07831472e-01	4.01122443e-01	
5.93000000e+00	2.05945166e-01	3.96142353e-01	
5.94000000e+00	2.04974131e-01	3.92948130e-01	
5.95000000e+00	2.03046164e-01	3.87944785e-01	
5.96000000e+00	2.02369965e-01	3.85356420e-01	
5.97000000e+00	2.00547753e-01	3.80608252e-01	
5.98000000e+00	1.99559413e-01	3.77466933e-01	
5.99000000e+00	1.98620426e-01	3.74437491e-01	
6.00000000e+00	1.96745657e-01	3.69667879e-01	
6.01000000e+00	1.95235586e-01	3.65610870e-01	
6.02000000e+00	1.94504907e-01	3.63033449e-01	
6.03000000e+00	1.92559634e-01	3.58211635e-01	
6.04000000e+00	1.91384137e-01	3.54846988e-01	
6.05000000e+00	1.89972132e-01	3.51065545e-01	
6.06000000e+00	1.87673056e-01	3.45673223e-01	
6.07000000e+00	1.86256563e-01	3.41934770e-01	
6.08000000e+00	1.84905448e-01	3.38338648e-01	
6.09000000e+00	1.82545482e-01	3.32924353e-01	
6.10000000e+00	1.81745580e-01	3.30379620e-01	
6.11000000e+00	1.80611104e-01	3.27243545e-01	
6.12000000e+00	1.78769023e-01	3.22848286e-01	
6.13000000e+00	1.77420471e-01	3.19368326e-01	
6.14000000e+00	1.75185490e-01	3.14318868e-01	
6.15000000e+00	1.74651581e-01	3.12342694e-01	
6.16000000e+00	1.72501205e-01	3.07496212e-01	
6.17000000e+00	1.70819361e-01	3.03511972e-01	
6.18000000e+00	1.69496447e-01	3.00187573e-01	
6.19000000e+00	1.67963302e-01	2.96511927e-01	
6.20000000e+00	1.66425671e-01	2.92850519e-01	
6.21000000e+00	1.65045712e-01	2.89487695e-01	
6.22000000e+00	1.63763819e-01	2.86316416e-01	
6.23000000e+00	1.62228110e-01	2.82721657e-01	
6.24000000e+00	1.60411026e-01	2.78659658e-01	
6.25000000e+00	1.58595865e-01	2.74625517e-01	
6.26000000e+00	1.57173604e-01	2.71293887e-01	
6.27000000e+00	1.55992339e-01	2.68396749e-01	
6.28000000e+00	1.53674035e-01	2.63566536e-01	
6.29000000e+00	1.52231905e-01	2.60263612e-01	
6.30000000e+00	1.50786570e-01	2.56974852e-01	
6.31000000e+00	1.49097675e-01	2.53291849e-01	
6.32000000e+00	1.47427368e-01	2.49662329e-01	
6.33000000e+00	1.45742960e-01	2.46030657e-01	
6.34000000e+00	1.43813069e-01	2.42007542e-01	
6.35000000e+00	1.42363889e-01	2.38814918e-01	
6.36000000e+00	1.41096096e-01	2.35944483e-01	
6.37000000e+00	1.39238632e-01	2.32107912e-01	
6.38000000e+00	1.37753559e-01	2.28913039e-01	
6.39000000e+00	1.35572417e-01	2.24583933e-01	
6.40000000e+00	1.34377051e-01	2.21908644e-01	
6.41000000e+00	1.32708667e-01	2.18470241e-01	
6.42000000e+00	1.30841589e-01	2.14726089e-01	
6.43000000e+00	1.28750179e-01	2.10637145e-01	
6.44000000e+00	1.27123457e-01	2.07330417e-01	
6.45000000e+00	1.26028079e-01	2.04907072e-01	
6.46000000e+00	1.23877702e-01	2.00787729e-01	
6.47000000e+00	1.21657463e-01	1.96579966e-01	
6.48000000e+00	1.20777443e-01	1.94556113e-01	
6.49000000e+00	1.18386711e-01	1.90117732e-01	
6.50000000e+00	1.17024700e-01	1.87352668e-01	
6.51000000e+00	1.15146726e-01	1.83780182e-01	
6.52000000e+00	1.13010450e-01	1.79817715e-01	
6.53000000e+00	1.11336297e-01	1.76611701e-01	
6.54000000e+00	1.10171697e-01	1.74230267e-01	
6.55000000e+00	1.08134127e-01	1.70486204e-01	
6.56000000e+00	1.06419595e-01	1.67271897e-01	
6.57000000e+00	1.04439069e-01	1.63659536e-01	
6.58000000e+00	1.02768121e-01	1.60551989e-01	
6.59000000e+00	1.00789518e-01	1.56983353e-01	
6.60000000e+00	9.94685270e-02	1.54456745e-01	
6.61000000e+00	9.68182121e-02	1.49886736e-01	
6.62000000e+00	9.60394618e-02	1.48232284e-01	
6.63000000e+00	9.34987489e-02	1.43875818e-01	
6.64000000e+00	9.14566925e-02	1.40309926e-01	
6.65000000e+00	9.02138968e-02	1.37987331e-01	
6.66000000e+00	8.82051696e-02	1.34510022e-01	
6.67000000e+00	8.62169528e-02	1.31084114e-01	
6.68000000e+00	8.46017670e-02	1.28243561e-01	
6.69000000e+00	8.24783104e-02	1.24651234e-01	
6.70000000e+00	8.05881584e-02	1.21431312e-01	
6.71000000e+00	7.90639870e-02	1.18779839e-01	
6.72000000e+00	7.75058454e-02	1.16092716e-01	
6.73000000e+00	7.59534724e-02	1.13429643e-01	
6.74000000e+00	7.48343794e-02	1.11426998e-01	
6.75000000e+00	7.28115514e-02	1.08094053e-01	
6.76000000e+00	7.12957123e-02	1.05530764e-01	
6.77000000e+00	7.04753005e-02	1.04008459e-01	
6.78000000e+00	6.86735991e-02	1.01050736e-01	
6.79000000e+00	6.78063982e-02	9.94810107e-02	
6.80000000e+00	6.58739437e-02	9.63617993e-02	
6.81000000e+00	6.52080000e-02	9.51077086e-02	
6.82000000e+00	6.38248369e-02	9.28175341e-02	
6.83000000e+00	6.27615063e-02	9.10041112e-02	
6.84000000e+00	6.16071612e-02	8.90693033e-02	
6.85000000e+00	6.03880804e-02	8.70520782e-02	
6.86000000e+00	5.90728577e-02	8.49080391e-02	
6.87000000e+00	5.81454077e-02	8.33318470e-02	
6.88000000e+00	5.68660780e-02	8.12616173e-02	
6.89000000e+00	5.61777012e-02	8.00450687e-02	
6.90000000e+00	5.51047563e-02	7.82888595e-02	
6.91000000e+00	5.36030181e-02	7.59350372e-02	
6.92000000e+00	5.25211000e-02	7.41874914e-02	
6.93000000e+00	5.20307757e-02	7.32829415e-02	
6.94000000e+00	5.08405376e-02	7.14003359e-02	
6.95000000e+00	5.01137040e-02	7.01771870e-02	
6.96000000e+00	4.86356807e-02	6.79118531e-02	
6.97000000e+00	4.77107946e-02	6.64293732e-02	
6.98000000e+00	4.71006133e-02	6.53920238e-02	
6.99000000e+00	4.58578175e-02	6.34845568e-02	
7.00000000e+00	4.52630189e-02	6.24822267e-02	
7.01000000e+00	4.42894208e-02	6.09639399e-02	
7.02000000e+00	4.35824565e-02	5.98200185e-02	
7.03000000e+00	4.25684788e-02	5.82621547e-02	
7.04000000e+00	4.15730884e-02	5.67382625e-02	
7.05000000e+00	4.06200006e-02	5.52803461e-02	
7.06000000e+00	3.98220219e-02	5.40409489e-02	
7.07000000e+00	3.89336697e-02	5.26860421e-02	
7.08000000e+00	3.84542415e-02	5.18903734e-02	
7.09000000e+00	3.74223173e-02	5.03555412e-02	
7.10000000e+00	3.66563859e-02	4.91860569e-02	
7.11000000e+00	3.59340389e-02	4.80812659e-02	
7.12000000e+00	3.52270746e-02	4.70030082e-02	
7.13000000e+00	3.42137378e-02	4.55229633e-02	
7.14000000e+00	3.37804578e-02	4.48206519e-02	
7.15000000e+00	3.29799153e-02	4.36361588e-02	
7.16000000e+00	3.23075621e-02	4.26272391e-02	
7.17000000e+00	3.15961112e-02	4.15723318e-02	
7.18000000e+00	3.06699432e-02	4.02414059e-02	
7.19000000e+00	3.03437013e-02	3.97026811e-02	
7.20000000e+00	2.96239181e-02	3.86532991e-02	
7.21000000e+00	2.89079806e-02	3.76145860e-02	
7.22000000e+00	2.81471768e-02	3.65232576e-02	
7.23000000e+00	2.75184080e-02	3.56086716e-02	
7.24000000e+00	2.68973306e-02	3.47089208e-02	
7.25000000e+00	2.65614745e-02	3.41810365e-02	
7.26000000e+00	2.57859289e-02	3.30916636e-02	
7.27000000e+00	2.52507384e-02	3.23157561e-02	
7.28000000e+00	2.43239294e-02	3.10441688e-02	
7.29000000e+00	2.41854849e-02	3.07828484e-02	
7.30000000e+00	2.33971204e-02	2.96979007e-02	
7.31000000e+00	2.30663918e-02	2.91980584e-02	
7.32000000e+00	2.21536836e-02	2.79661607e-02	
7.33000000e+00	2.16249026e-02	2.72242091e-02	
7.34000000e+00	2.11820084e-02	2.65940253e-02	
7.35000000e+00	2.07500103e-02	2.59808107e-02	
7.36000000e+00	2.02923743e-02	2.53388148e-02	
7.37000000e+00	1.96014337e-02	2.44096709e-02	
7.38000000e+00	1.91130322e-02	2.37370055e-02	
7.39000000e+00	1.87957636e-02	2.32798490e-02	
7.40000000e+00	1.82067335e-02	2.24893891e-02	
7.41000000e+00	1.76907714e-02	2.17931203e-02	
7.42000000e+00	1.72280078e-02	2.11658791e-02	
7.43000000e+00	1.66312864e-02	2.03777991e-02	
7.44000000e+00	1.64787411e-02	2.01366500e-02	
7.45000000e+00	1.59832892e-02	1.94788214e-02	
7.46000000e+00	1.53859269e-02	1.87005797e-02	
7.47000000e+00	1.52378682e-02	1.84710707e-02	
7.48000000e+00	1.47071642e-02	1.77801249e-02	
7.49000000e+00	1.40655765e-02	1.69591064e-02	
7.50000000e+00	1.36361422e-02	1.63975158e-02	
7.51000000e+00	1.31900433e-02	1.58188682e-02	
7.52000000e+00	1.28695699e-02	1.53935013e-02	
7.53000000e+00	1.24805152e-02	1.48885233e-02	
7.54000000e+00	1.23625810e-02	1.47087417e-02	
7.55000000e+00	1.15479377e-02	1.37031241e-02	
7.56000000e+00	1.12345147e-02	1.32959627e-02	
7.57000000e+00	1.10915836e-02	1.30921466e-02	
7.58000000e+00	1.06845824e-02	1.25784812e-02	
7.59000000e+00	1.02769403e-02	1.20667230e-02	
7.60000000e+00	9.85519731e-03	1.15410999e-02	
7.61000000e+00	9.58664062e-03	1.11971165e-02	
7.62000000e+00	8.97389552e-03	1.04539430e-02	
7.63000000e+00	8.89121339e-03	1.03304923e-02	
7.64000000e+00	8.62329765e-03	9.99299618e-03	
7.65000000e+00	8.33935823e-03	9.63870795e-03	
7.66000000e+00	8.07144249e-03	9.30470651e-03	
7.67000000e+00	7.65418615e-03	8.80070278e-03	
7.68000000e+00	7.38883419e-03	8.47349432e-03	
7.69000000e+00	7.02734022e-03	8.03798816e-03	
7.70000000e+00	6.84082472e-03	7.80433807e-03	
7.71000000e+00	6.67033288e-03	7.59010552e-03	
7.72000000e+00	6.18834092e-03	7.02342085e-03	
7.73000000e+00	6.13193761e-03	6.94141166e-03	
7.74000000e+00	5.78262163e-03	6.52907889e-03	
7.75000000e+00	5.42240955e-03	6.10657890e-03	
7.76000000e+00	5.21666564e-03	5.85974370e-03	
7.77000000e+00	5.02502256e-03	5.62995651e-03	
7.78000000e+00	4.72570043e-03	5.28099863e-03	
7.79000000e+00	4.62314895e-03	5.15314107e-03	
7.80000000e+00	4.36228362e-03	4.84991084e-03	
7.81000000e+00	4.00335343e-03	4.43946797e-03	
7.82000000e+00	3.91233899e-03	4.32744975e-03	
7.83000000e+00	3.67262491e-03	4.05193167e-03	
7.84000000e+00	3.50277402e-03	3.85468644e-03	
7.85000000e+00	3.32523177e-03	3.64998995e-03	
7.86000000e+00	3.10410514e-03	3.39860265e-03	
7.87000000e+00	2.91374395e-03	3.18207918e-03	
7.88000000e+00	2.69966773e-03	2.94080984e-03	
7.89000000e+00	2.52725306e-03	2.74602057e-03	
7.90000000e+00	2.46764501e-03	2.67446896e-03	
7.91000000e+00	2.23113566e-03	2.41202648e-03	
7.92000000e+00	2.16960477e-03	2.33958768e-03	
7.93000000e+00	1.97091127e-03	2.11997022e-03	
7.94000000e+00	1.92732689e-03	2.06787098e-03	
7.95000000e+00	1.72606961e-03	1.84728163e-03	
7.96000000e+00	1.57544712e-03	1.68184806e-03	
7.97000000e+00	1.52353044e-03	1.62234627e-03	
7.98000000e+00	1.35047481e-03	1.43446438e-03	
7.99000000e+00	1.24984617e-03	1.32425636e-03	
8.00000000e+00	1.10883789e-03	1.17191778e-03	
8.01000000e+00	1.02295102e-03	1.07844716e-03	
8.02000000e+00	9.19117647e-04	9.66565812e-04	
8.03000000e+00	8.14643326e-04	8.54565735e-04	
8.04000000e+00	7.14655632e-04	7.47814333e-04	
8.05000000e+00	6.33255394e-04	6.60991993e-04	
8.06000000e+00	5.78133973e-04	6.01959772e-04	
8.07000000e+00	5.05066043e-04	5.24578109e-04	
8.08000000e+00	4.11487817e-04	4.26327475e-04	
8.09000000e+00	3.70467225e-04	3.82879232e-04	
8.10000000e+00	2.84580359e-04	2.93389081e-04	
8.11000000e+00	2.44841661e-04	2.51798228e-04	
8.12000000e+00	2.03821068e-04	2.09096169e-04	
8.13000000e+00	1.60236689e-04	1.63979641e-04	
8.14000000e+00	1.03833374e-04	1.05997890e-04	
8.15000000e+00	9.42191730e-05	9.59473827e-05	
8.16000000e+00	4.74300599e-05	4.81817331e-05	
8.17000000e+00	4.35843794e-05	4.41667878e-05	
8.18000000e+00	1.92284027e-05	1.94377352e-05	
8.19000000e+00	9.61420133e-06	9.69514861e-06	
8.20000000e+00	1.28189351e-06	1.28953551e-06	
