1.00000000e+00	1.30708875e-02	1.32618893e+00	
1.01000000e+00	1.32073618e-02	1.31363179e+00	
1.02000000e+00	1.33752988e-02	1.30437801e+00	
1.03000000e+00	1.35342464e-02	1.29437450e+00	
1.04000000e+00	1.36809358e-02	1.28336280e+00	
1.05000000e+00	1.39967880e-02	1.28810157e+00	
1.06000000e+00	1.41483807e-02	1.27760125e+00	
1.07000000e+00	1.43743397e-02	1.27385697e+00	
1.08000000e+00	1.45520832e-02	1.26583756e+00	
1.09000000e+00	1.47371815e-02	1.25852474e+00	
1.10000000e+00	1.50567112e-02	1.26253978e+00	
1.11000000e+00	1.51318946e-02	1.24608501e+00	
1.12000000e+00	1.53120898e-02	1.23850779e+00	
1.13000000e+00	1.55425434e-02	1.23499592e+00	
1.14000000e+00	1.58330620e-02	1.23610548e+00	
1.15000000e+00	1.58980303e-02	1.21968578e+00	
1.16000000e+00	1.63205286e-02	1.23060468e+00	
1.17000000e+00	1.64843795e-02	1.22180304e+00	
1.18000000e+00	1.64737557e-02	1.20040813e+00	
1.19000000e+00	1.68537590e-02	1.20754460e+00	
1.20000000e+00	1.69930936e-02	1.19732011e+00	
1.21000000e+00	1.71103634e-02	1.18573821e+00	
1.22000000e+00	1.73498064e-02	1.18270189e+00	
1.23000000e+00	1.74511406e-02	1.17034503e+00	
1.24000000e+00	1.77898747e-02	1.17389659e+00	
1.25000000e+00	1.78548430e-02	1.15940810e+00	
1.26000000e+00	1.80477049e-02	1.15340336e+00	
1.27000000e+00	1.81698780e-02	1.14299647e+00	
1.28000000e+00	1.86785921e-02	1.15671008e+00	
1.29000000e+00	1.87578616e-02	1.14367921e+00	
1.30000000e+00	1.90120143e-02	1.14141020e+00	
1.31000000e+00	1.91452198e-02	1.13192613e+00	
1.32000000e+00	1.93433935e-02	1.12638051e+00	
1.33000000e+00	1.96939772e-02	1.12961505e+00	
1.34000000e+00	1.96968375e-02	1.11297965e+00	
1.35000000e+00	1.98561937e-02	1.10542373e+00	
1.36000000e+00	2.01552930e-02	1.10563460e+00	
1.37000000e+00	2.03052513e-02	1.09765929e+00	
1.38000000e+00	2.04037253e-02	1.08705525e+00	
1.39000000e+00	2.07898577e-02	1.09174758e+00	
1.40000000e+00	2.09582032e-02	1.08492145e+00	
1.41000000e+00	2.11747643e-02	1.08063910e+00	
1.42000000e+00	2.12781415e-02	1.07067417e+00	
1.43000000e+00	2.14750894e-02	1.06552398e+00	
1.44000000e+00	2.18935017e-02	1.07124933e+00	
1.45000000e+00	2.21010734e-02	1.06654131e+00	
1.46000000e+00	2.22318272e-02	1.05820490e+00	
1.47000000e+00	2.25713785e-02	1.05979956e+00	
1.48000000e+00	2.26575943e-02	1.04951992e+00	
1.49000000e+00	2.30069522e-02	1.05144576e+00	
1.50000000e+00	2.31618137e-02	1.04445653e+00	
1.51000000e+00	2.35683764e-02	1.04875994e+00	
1.52000000e+00	2.37886149e-02	1.04467764e+00	
1.53000000e+00	2.39634981e-02	1.03864629e+00	
1.54000000e+00	2.41514567e-02	1.03324238e+00	
1.55000000e+00	2.45449440e-02	1.03657080e+00	
1.56000000e+00	2.48052258e-02	1.03417565e+00	
1.57000000e+00	2.52763482e-02	1.04043594e+00	
1.58000000e+00	2.52673589e-02	1.02694219e+00	
1.59000000e+00	2.56216200e-02	1.02828301e+00	
1.60000000e+00	2.58729125e-02	1.02542919e+00	
1.61000000e+00	2.59901823e-02	1.01732073e+00	
1.62000000e+00	2.65924671e-02	1.02808476e+00	
1.63000000e+00	2.66545752e-02	1.01788069e+00	
1.64000000e+00	2.70627723e-02	1.02090401e+00	
1.65000000e+00	2.71506225e-02	1.01184089e+00	
1.66000000e+00	2.75428840e-02	1.01412983e+00	
1.67000000e+00	2.76613796e-02	1.00633184e+00	
1.68000000e+00	2.80078773e-02	1.00684346e+00	
1.69000000e+00	2.84173002e-02	1.00950791e+00	
1.70000000e+00	2.86718615e-02	1.00660334e+00	
1.71000000e+00	2.88148735e-02	9.99826901e-01	
1.72000000e+00	2.90718865e-02	9.97049319e-01	
1.73000000e+00	2.95274818e-02	1.00100103e+00	
1.74000000e+00	2.98903237e-02	1.00168793e+00	
1.75000000e+00	2.99299584e-02	9.91585888e-01	
1.76000000e+00	3.04738126e-02	9.98163714e-01	
1.77000000e+00	3.05306088e-02	9.88756275e-01	
1.78000000e+00	3.08534073e-02	9.88014797e-01	
1.79000000e+00	3.14879720e-02	9.97100534e-01	
1.80000000e+00	3.16510056e-02	9.91157847e-01	
1.81000000e+00	3.17907488e-02	9.84563946e-01	
1.82000000e+00	3.23411406e-02	9.90633198e-01	
1.83000000e+00	3.25213358e-02	9.85295539e-01	
1.84000000e+00	3.27705852e-02	9.82084534e-01	
1.85000000e+00	3.32895145e-02	9.86879948e-01	
1.86000000e+00	3.36441842e-02	9.86698424e-01	
1.87000000e+00	3.39334770e-02	9.84567442e-01	
1.88000000e+00	3.43363622e-02	9.85686717e-01	
1.89000000e+00	3.44609870e-02	9.78823582e-01	
1.90000000e+00	3.50113789e-02	9.84016393e-01	
1.91000000e+00	3.54024145e-02	9.84615048e-01	
1.92000000e+00	3.57133634e-02	9.82943639e-01	
1.93000000e+00	3.58343107e-02	9.76078525e-01	
1.94000000e+00	3.63569174e-02	9.80130524e-01	
1.95000000e+00	3.70613536e-02	9.88899996e-01	
1.96000000e+00	3.73106031e-02	9.85417900e-01	
1.97000000e+00	3.78879629e-02	9.90533400e-01	
1.98000000e+00	3.81641804e-02	9.87701879e-01	
1.99000000e+00	3.86504212e-02	9.90258089e-01	
2.00000000e+00	3.89944672e-02	9.89107101e-01	
2.01000000e+00	3.94092019e-02	9.89705186e-01	
2.02000000e+00	3.99563250e-02	9.93534880e-01	
2.03000000e+00	4.03285647e-02	9.92935438e-01	
2.04000000e+00	4.04425657e-02	9.86004021e-01	
2.05000000e+00	4.10313665e-02	9.90623394e-01	
2.06000000e+00	4.15887047e-02	9.94354570e-01	
2.07000000e+00	4.20103858e-02	9.94755386e-01	
2.08000000e+00	4.23290982e-02	9.92687760e-01	
2.09000000e+00	4.26833594e-02	9.91439782e-01	
2.10000000e+00	4.34114947e-02	9.98772257e-01	
2.11000000e+00	4.35847435e-02	9.93275915e-01	
2.12000000e+00	4.41473936e-02	9.96629337e-01	
2.13000000e+00	4.43431157e-02	9.91670327e-01	
2.14000000e+00	4.49592931e-02	9.96075477e-01	
2.15000000e+00	4.53012960e-02	9.94337979e-01	
2.16000000e+00	4.60057322e-02	1.00047160e+00	
2.17000000e+00	4.63407889e-02	9.98491279e-01	
2.18000000e+00	4.69295897e-02	1.00192241e+00	
2.19000000e+00	4.69402135e-02	9.93018070e-01	
2.20000000e+00	4.76095096e-02	9.98041654e-01	
2.21000000e+00	4.79903301e-02	9.96941123e-01	
2.22000000e+00	4.87188741e-02	1.00297848e+00	
2.23000000e+00	4.90543393e-02	1.00084777e+00	
2.24000000e+00	4.97489690e-02	1.00597774e+00	
2.25000000e+00	5.01677898e-02	1.00544948e+00	
2.26000000e+00	5.04301147e-02	1.00178240e+00	
2.27000000e+00	5.10945076e-02	1.00605755e+00	
2.28000000e+00	5.12808318e-02	1.00088847e+00	
2.29000000e+00	5.18590088e-02	1.00335257e+00	
2.30000000e+00	5.21748610e-02	1.00070472e+00	
2.31000000e+00	5.26892956e-02	1.00184089e+00	
2.32000000e+00	5.33120107e-02	1.00496147e+00	
2.33000000e+00	5.37659716e-02	1.00483783e+00	
2.34000000e+00	5.41950076e-02	1.00421774e+00	
2.35000000e+00	5.44446656e-02	1.00027619e+00	
2.36000000e+00	5.51237683e-02	1.00418843e+00	
2.37000000e+00	5.55135781e-02	1.00277350e+00	
2.38000000e+00	5.60897122e-02	1.00468431e+00	
2.39000000e+00	5.66074156e-02	1.00549021e+00	
2.40000000e+00	5.71026457e-02	1.00585196e+00	
2.41000000e+00	5.73347337e-02	1.00157629e+00	
2.42000000e+00	5.80730842e-02	1.00610772e+00	
2.43000000e+00	5.82144618e-02	1.00027326e+00	
2.44000000e+00	5.88874353e-02	1.00355992e+00	
2.45000000e+00	5.91967499e-02	1.00061271e+00	
2.46000000e+00	5.97083242e-02	1.00107125e+00	
2.47000000e+00	6.06256440e-02	1.00823734e+00	
2.48000000e+00	6.07617097e-02	1.00236742e+00	
2.49000000e+00	6.16005771e-02	1.00806006e+00	
2.50000000e+00	6.16299968e-02	1.00048930e+00	
2.51000000e+00	6.21133773e-02	1.00031786e+00	
2.52000000e+00	6.29322231e-02	1.00547740e+00	
2.53000000e+00	6.30176217e-02	9.98898330e-01	
2.54000000e+00	6.38797797e-02	1.00460723e+00	
2.55000000e+00	6.42565142e-02	1.00262175e+00	
2.56000000e+00	6.45543877e-02	9.99415674e-01	
2.57000000e+00	6.53597495e-02	1.00402483e+00	
2.58000000e+00	6.55861171e-02	9.99707220e-01	
2.59000000e+00	6.62255850e-02	1.00167445e+00	
2.60000000e+00	6.69243007e-02	1.00447115e+00	
2.61000000e+00	6.72307550e-02	1.00135321e+00	
2.62000000e+00	6.81427629e-02	1.00720408e+00	
2.63000000e+00	6.85358416e-02	1.00532521e+00	
2.64000000e+00	6.92161701e-02	1.00762755e+00	
2.65000000e+00	6.94474409e-02	1.00337857e+00	
2.66000000e+00	6.99606496e-02	1.00320776e+00	
2.67000000e+00	7.07345488e-02	1.00672160e+00	
2.68000000e+00	7.07374091e-02	9.99263171e-01	
2.69000000e+00	7.16735247e-02	1.00497330e+00	
2.70000000e+00	7.22222822e-02	1.00518037e+00	
2.71000000e+00	7.26819636e-02	1.00412641e+00	
2.72000000e+00	7.29745252e-02	1.00076888e+00	
2.73000000e+00	7.37643600e-02	1.00420321e+00	
2.74000000e+00	7.40896102e-02	1.00128222e+00	
2.75000000e+00	7.46841315e-02	1.00198972e+00	
2.76000000e+00	7.53137928e-02	1.00312875e+00	
2.77000000e+00	7.56206557e-02	9.99956762e-01	
2.78000000e+00	7.60807457e-02	9.98815998e-01	
2.79000000e+00	7.67336976e-02	1.00017971e+00	
2.80000000e+00	7.73613160e-02	1.00117064e+00	
2.81000000e+00	7.79104820e-02	1.00111409e+00	
2.82000000e+00	7.83468729e-02	9.99594300e-01	
2.83000000e+00	7.89932871e-02	1.00073165e+00	
2.84000000e+00	7.97467560e-02	1.00317492e+00	
2.85000000e+00	8.01635338e-02	1.00135358e+00	
2.86000000e+00	8.06522262e-02	1.00042518e+00	
2.87000000e+00	8.11736071e-02	9.99888037e-01	
2.88000000e+00	8.18102148e-02	1.00074373e+00	
2.89000000e+00	8.23516173e-02	1.00040711e+00	
2.90000000e+00	8.30629998e-02	1.00210202e+00	
2.91000000e+00	8.35713053e-02	1.00131686e+00	
2.92000000e+00	8.37310701e-02	9.96371415e-01	
2.93000000e+00	8.48931447e-02	1.00331592e+00	
2.94000000e+00	8.55718388e-02	1.00446897e+00	
2.95000000e+00	8.57217971e-02	9.99418894e-01	
2.96000000e+00	8.64131579e-02	1.00068358e+00	
2.97000000e+00	8.70587549e-02	1.00138221e+00	
2.98000000e+00	8.75789099e-02	1.00061573e+00	
2.99000000e+00	8.82907010e-02	1.00201197e+00	
3.00000000e+00	8.89448788e-02	1.00271788e+00	
3.01000000e+00	8.96701539e-02	1.00418850e+00	
3.02000000e+00	9.01147169e-02	1.00249487e+00	
3.03000000e+00	9.08162928e-02	1.00364201e+00	
3.04000000e+00	9.15293098e-02	1.00487801e+00	
3.05000000e+00	9.18897000e-02	1.00223018e+00	
3.06000000e+00	9.26795348e-02	1.00424878e+00	
3.07000000e+00	9.31367646e-02	1.00263928e+00	
3.08000000e+00	9.32810024e-02	9.97681897e-01	
3.09000000e+00	9.40908589e-02	9.99840662e-01	
3.10000000e+00	9.46567778e-02	9.99375388e-01	
3.11000000e+00	9.52884822e-02	9.99585510e-01	
3.12000000e+00	9.63594377e-02	1.00435071e+00	
3.13000000e+00	9.67300430e-02	1.00178154e+00	
3.14000000e+00	9.70622395e-02	9.98829434e-01	
3.15000000e+00	9.79080533e-02	1.00114649e+00	
3.16000000e+00	9.86639738e-02	1.00250087e+00	
3.17000000e+00	9.92768823e-02	1.00237431e+00	
3.18000000e+00	9.99649743e-02	1.00298385e+00	
3.19000000e+00	1.00513323e-01	1.00217274e+00	
3.20000000e+00	1.00917026e-01	9.99918966e-01	
3.21000000e+00	1.01882152e-01	1.00320195e+00	
3.22000000e+00	1.02329167e-01	1.00135487e+00	
3.23000000e+00	1.03130034e-01	1.00295267e+00	
3.24000000e+00	1.03501048e-01	1.00035707e+00	
3.25000000e+00	1.03963181e-01	9.98649659e-01	
3.26000000e+00	1.05053750e-01	1.00294399e+00	
3.27000000e+00	1.05681777e-01	1.00277829e+00	
3.28000000e+00	1.05879950e-01	9.98542059e-01	
3.29000000e+00	1.07004433e-01	1.00302162e+00	
3.30000000e+00	1.08137497e-01	1.00750858e+00	
3.31000000e+00	1.08363047e-01	1.00351887e+00	
3.32000000e+00	1.08976364e-01	1.00312827e+00	
3.33000000e+00	1.09188839e-01	9.99056622e-01	
3.34000000e+00	1.10079600e-01	1.00118476e+00	
3.35000000e+00	1.11174663e-01	1.00511679e+00	
3.36000000e+00	1.11517074e-01	1.00222016e+00	
3.37000000e+00	1.12190457e-01	1.00229701e+00	
3.38000000e+00	1.12671794e-01	1.00064984e+00	
3.39000000e+00	1.13775438e-01	1.00449884e+00	
3.40000000e+00	1.14320927e-01	1.00338643e+00	
3.41000000e+00	1.14901147e-01	1.00257282e+00	
3.42000000e+00	1.15241107e-01	9.99667399e-01	
3.43000000e+00	1.16341891e-01	1.00334016e+00	
3.44000000e+00	1.16567849e-01	9.99452641e-01	
3.45000000e+00	1.17523170e-01	1.00181061e+00	
3.46000000e+00	1.18220659e-01	1.00193951e+00	
3.47000000e+00	1.19492649e-01	1.00689123e+00	
3.48000000e+00	1.19101205e-01	9.97833287e-01	
3.49000000e+00	1.20562379e-01	1.00429494e+00	
3.50000000e+00	1.21192040e-01	1.00377951e+00	
3.51000000e+00	1.21450688e-01	1.00019819e+00	
3.52000000e+00	1.22223361e-01	1.00085051e+00	
3.53000000e+00	1.22985002e-01	1.00138957e+00	
3.54000000e+00	1.23472060e-01	9.99683422e-01	
3.55000000e+00	1.24172819e-01	9.99701063e-01	
3.56000000e+00	1.25213129e-01	1.00242108e+00	
3.57000000e+00	1.24920567e-01	9.94484081e-01	
3.58000000e+00	1.26475720e-01	1.00124746e+00	
3.59000000e+00	1.27274136e-01	1.00196276e+00	
3.60000000e+00	1.27583859e-01	9.98828793e-01	
3.61000000e+00	1.28401070e-01	9.99665170e-01	
3.62000000e+00	1.29187636e-01	1.00023980e+00	
3.63000000e+00	1.30028547e-01	1.00121139e+00	
3.64000000e+00	1.30478013e-01	9.99159652e-01	
3.65000000e+00	1.31191847e-01	9.99128711e-01	
3.66000000e+00	1.32112436e-01	1.00064919e+00	
3.67000000e+00	1.32771108e-01	1.00016528e+00	
3.68000000e+00	1.33609567e-01	1.00101881e+00	
3.69000000e+00	1.34219615e-01	1.00014641e+00	
3.70000000e+00	1.35147559e-01	1.00162482e+00	
3.71000000e+00	1.36155998e-01	1.00366615e+00	
3.72000000e+00	1.36238945e-01	9.98885507e-01	
3.73000000e+00	1.37490095e-01	1.00266088e+00	
3.74000000e+00	1.37992680e-01	1.00095180e+00	
3.75000000e+00	1.38897333e-01	1.00214761e+00	
3.76000000e+00	1.39401553e-01	1.00044275e+00	
3.77000000e+00	1.40356464e-01	1.00195921e+00	
3.78000000e+00	1.41061718e-01	1.00167282e+00	
3.79000000e+00	1.41368172e-01	9.98558570e-01	
3.80000000e+00	1.42524935e-01	1.00143780e+00	
3.81000000e+00	1.43630622e-01	1.00391608e+00	
3.82000000e+00	1.43926861e-01	1.00072661e+00	
3.83000000e+00	1.44661534e-01	1.00058926e+00	
3.84000000e+00	1.45301410e-01	9.99787499e-01	
3.85000000e+00	1.46417313e-01	1.00223899e+00	
3.86000000e+00	1.47405321e-01	1.00378077e+00	
3.87000000e+00	1.48057864e-01	1.00302064e+00	
3.88000000e+00	1.48408040e-01	1.00021715e+00	
3.89000000e+00	1.49362542e-01	1.00148123e+00	
3.90000000e+00	1.50098441e-01	1.00126097e+00	
3.91000000e+00	1.50891136e-01	1.00140680e+00	
3.92000000e+00	1.51694455e-01	1.00160825e+00	
3.93000000e+00	1.52430354e-01	1.00135179e+00	
3.94000000e+00	1.53007305e-01	1.00004615e+00	
3.95000000e+00	1.53754236e-01	9.99846246e-01	
3.96000000e+00	1.54268262e-01	9.98128685e-01	
3.97000000e+00	1.54888117e-01	9.97096996e-01	
3.98000000e+00	1.56104945e-01	9.99886805e-01	
3.99000000e+00	1.57086007e-01	1.00113358e+00	
4.00000000e+00	1.57379386e-01	9.97994586e-01	
4.01000000e+00	1.58848732e-01	1.00229446e+00	
4.02000000e+00	1.59171531e-01	9.99340774e-01	
4.03000000e+00	1.59823665e-01	9.98461481e-01	
4.04000000e+00	1.60428810e-01	9.97286531e-01	
4.05000000e+00	1.61220280e-01	9.97263547e-01	
4.06000000e+00	1.62207880e-01	9.98435929e-01	
4.07000000e+00	1.63586107e-01	1.00197738e+00	
4.08000000e+00	1.63447589e-01	9.96227473e-01	
4.09000000e+00	1.65290401e-01	1.00253914e+00	
4.10000000e+00	1.66278410e-01	1.00361806e+00	
4.11000000e+00	1.66834930e-01	1.00208292e+00	
4.12000000e+00	1.67045771e-01	9.98484607e-01	
4.13000000e+00	1.68356578e-01	1.00145239e+00	
4.14000000e+00	1.68635656e-01	9.98272355e-01	
4.15000000e+00	1.69840225e-01	1.00056357e+00	
4.16000000e+00	1.70771029e-01	1.00121617e+00	
4.17000000e+00	1.71254001e-01	9.99237991e-01	
4.18000000e+00	1.72076933e-01	9.99241388e-01	
4.19000000e+00	1.73625549e-01	1.00342728e+00	
4.20000000e+00	1.73948756e-01	1.00051376e+00	
4.21000000e+00	1.75165175e-01	1.00272974e+00	
4.22000000e+00	1.75399306e-01	9.99317031e-01	
4.23000000e+00	1.76677016e-01	1.00184294e+00	
4.24000000e+00	1.77130568e-01	9.99682577e-01	
4.25000000e+00	1.78149222e-01	1.00070574e+00	
4.26000000e+00	1.78990133e-01	1.00071455e+00	
4.27000000e+00	1.79698655e-01	9.99975586e-01	
4.28000000e+00	1.80168960e-01	9.97913171e-01	
4.29000000e+00	1.81516950e-01	1.00069775e+00	
4.30000000e+00	1.82652874e-01	1.00228197e+00	
4.31000000e+00	1.83435763e-01	1.00191249e+00	
4.32000000e+00	1.84229683e-01	1.00159566e+00	
4.33000000e+00	1.84467901e-01	9.98263824e-01	
4.34000000e+00	1.86022645e-01	1.00204374e+00	
4.35000000e+00	1.86909728e-01	1.00219842e+00	
4.36000000e+00	1.87626423e-01	1.00143171e+00	
4.37000000e+00	1.88162105e-01	9.99699809e-01	
4.38000000e+00	1.89056951e-01	9.99872789e-01	
4.39000000e+00	1.89954658e-01	1.00004888e+00	
4.40000000e+00	1.90385737e-01	9.97767553e-01	
4.41000000e+00	1.91632393e-01	9.99751500e-01	
4.42000000e+00	1.92897845e-01	1.00180491e+00	
4.43000000e+00	1.94013747e-01	1.00305644e+00	
4.44000000e+00	1.94297319e-01	1.00000274e+00	
4.45000000e+00	1.95192166e-01	1.00009828e+00	
4.46000000e+00	1.95985269e-01	9.99663956e-01	
4.47000000e+00	1.96744459e-01	9.99051287e-01	
4.48000000e+00	1.98003373e-01	1.00096036e+00	
4.49000000e+00	1.98727831e-01	1.00015274e+00	
4.50000000e+00	1.99711753e-01	1.00064244e+00	
4.51000000e+00	2.00818666e-01	1.00173146e+00	
4.52000000e+00	2.01639555e-01	1.00138062e+00	
4.53000000e+00	2.02351755e-01	1.00048571e+00	
4.54000000e+00	2.02517648e-01	9.96899759e-01	
4.55000000e+00	2.04222351e-01	1.00087721e+00	
4.56000000e+00	2.04781733e-01	9.99221681e-01	
4.57000000e+00	2.05929506e-01	1.00042952e+00	
4.58000000e+00	2.06517081e-01	9.98907658e-01	
4.59000000e+00	2.07691005e-01	1.00021333e+00	
4.60000000e+00	2.09046350e-01	1.00236812e+00	
4.61000000e+00	2.09060651e-01	9.98092448e-01	
4.62000000e+00	2.10655439e-01	1.00135725e+00	
4.63000000e+00	2.11702696e-01	1.00199309e+00	
4.64000000e+00	2.12362594e-01	1.00078867e+00	
4.65000000e+00	2.13130364e-01	1.00009151e+00	
4.66000000e+00	2.14076695e-01	1.00022540e+00	
4.67000000e+00	2.14828529e-01	9.99444115e-01	
4.68000000e+00	2.16194090e-01	1.00150341e+00	
4.69000000e+00	2.16543856e-01	9.98850524e-01	
4.70000000e+00	2.17749652e-01	1.00014294e+00	
4.71000000e+00	2.18762176e-01	1.00053144e+00	
4.72000000e+00	2.18795274e-01	9.96447127e-01	
4.73000000e+00	2.20701419e-01	1.00088266e+00	
4.74000000e+00	2.21671040e-01	1.00104269e+00	
4.75000000e+00	2.21922333e-01	9.97962243e-01	
4.76000000e+00	2.23348775e-01	1.00016117e+00	
4.77000000e+00	2.24098567e-01	9.99315542e-01	
4.78000000e+00	2.25574451e-01	1.00169253e+00	
4.79000000e+00	2.26067638e-01	9.99695391e-01	
4.80000000e+00	2.26696890e-01	9.98305374e-01	
4.81000000e+00	2.27468338e-01	9.97541845e-01	
4.82000000e+00	2.29337300e-01	1.00156915e+00	
4.83000000e+00	2.30131630e-01	1.00088083e+00	
4.84000000e+00	2.31192370e-01	1.00134353e+00	
4.85000000e+00	2.31924183e-01	1.00037511e+00	
4.86000000e+00	2.32715244e-01	9.99660689e-01	
4.87000000e+00	2.33991728e-01	1.00102034e+00	
4.88000000e+00	2.34488592e-01	9.99038894e-01	
4.89000000e+00	2.35508881e-01	9.99286203e-01	
4.90000000e+00	2.36845021e-01	1.00085790e+00	
4.91000000e+00	2.37964192e-01	1.00149538e+00	
4.92000000e+00	2.38590176e-01	1.00005221e+00	
4.93000000e+00	2.39474399e-01	9.99690521e-01	
4.94000000e+00	2.40502451e-01	9.99921553e-01	
4.95000000e+00	2.41568912e-01	1.00030161e+00	
4.96000000e+00	2.42874816e-01	1.00165797e+00	
4.97000000e+00	2.43352067e-01	9.99591565e-01	
4.98000000e+00	2.45026533e-01	1.00243160e+00	
4.99000000e+00	2.45813099e-01	1.00162292e+00	
5.00000000e+00	2.46983754e-01	1.00237148e+00	
5.01000000e+00	2.46776591e-01	9.97536580e-01	
5.02000000e+00	2.48613683e-01	1.00096274e+00	
5.03000000e+00	2.49555927e-01	1.00076530e+00	
5.04000000e+00	2.50650582e-01	1.00117032e+00	
5.05000000e+00	2.51582612e-01	1.00091728e+00	
5.06000000e+00	2.51899690e-01	9.98221500e-01	
5.07000000e+00	2.53394369e-01	1.00018736e+00	
5.08000000e+00	2.54721521e-01	1.00147136e+00	
5.09000000e+00	2.55346687e-01	9.99988450e-01	
5.10000000e+00	2.56267684e-01	9.99663449e-01	
5.11000000e+00	2.57048530e-01	9.98788757e-01	
5.12000000e+00	2.58591425e-01	1.00086273e+00	
5.13000000e+00	2.59266033e-01	9.99565397e-01	
5.14000000e+00	2.60394602e-01	1.00001395e+00	
5.15000000e+00	2.61569343e-01	1.00062812e+00	
5.16000000e+00	2.61898680e-01	9.98008468e-01	
5.17000000e+00	2.63080367e-01	9.98637048e-01	
5.18000000e+00	2.63766008e-01	9.97377639e-01	
5.19000000e+00	2.66192308e-01	1.00267712e+00	
5.20000000e+00	2.66729625e-01	1.00084054e+00	
5.21000000e+00	2.67141091e-01	9.98540235e-01	
5.22000000e+00	2.68429424e-01	9.99515273e-01	
5.23000000e+00	2.69625413e-01	1.00013302e+00	
5.24000000e+00	2.70587271e-01	9.99873618e-01	
5.25000000e+00	2.71420418e-01	9.99135129e-01	
5.26000000e+00	2.72844817e-01	1.00056324e+00	
5.27000000e+00	2.74024053e-01	1.00107768e+00	
5.28000000e+00	2.75034944e-01	1.00096836e+00	
5.29000000e+00	2.75498711e-01	9.98869031e-01	
5.30000000e+00	2.76986036e-01	1.00047550e+00	
5.31000000e+00	2.77846151e-01	9.99805827e-01	
5.32000000e+00	2.78976763e-01	1.00010382e+00	
5.33000000e+00	2.80798327e-01	1.00286025e+00	
5.34000000e+00	2.81425537e-01	1.00133941e+00	
5.35000000e+00	2.82291372e-01	1.00066881e+00	
5.36000000e+00	2.83324328e-01	1.00058643e+00	
5.37000000e+00	2.83946634e-01	9.99052876e-01	
5.38000000e+00	2.84583242e-01	9.97573932e-01	
5.39000000e+00	2.86419924e-01	1.00029020e+00	
5.40000000e+00	2.87327846e-01	9.99747942e-01	
5.41000000e+00	2.88531599e-01	1.00022838e+00	
5.42000000e+00	2.89464854e-01	9.99764216e-01	
5.43000000e+00	2.89874686e-01	9.97495516e-01	
5.44000000e+00	2.89107733e-01	9.91202136e-01	
5.45000000e+00	2.88793515e-01	9.86494692e-01	
5.46000000e+00	2.88692589e-01	9.82540975e-01	
5.47000000e+00	2.87614279e-01	9.75295255e-01	
5.48000000e+00	2.87170533e-01	9.70239783e-01	
5.49000000e+00	2.86358634e-01	9.63975316e-01	
5.50000000e+00	2.86135126e-01	9.59723474e-01	
5.51000000e+00	2.85222710e-01	9.53193835e-01	
5.52000000e+00	2.85339162e-01	9.50131129e-01	
5.53000000e+00	2.83933150e-01	9.42033092e-01	
5.54000000e+00	2.83906999e-01	9.38548870e-01	
5.55000000e+00	2.83101229e-01	9.32515607e-01	
5.56000000e+00	2.82404556e-01	9.26877707e-01	
5.57000000e+00	2.81937111e-01	9.22023895e-01	
5.58000000e+00	2.82075220e-01	9.19172153e-01	
5.59000000e+00	2.81147685e-01	9.12874797e-01	
5.60000000e+00	2.80170709e-01	9.06456559e-01	
5.61000000e+00	2.79726146e-01	9.01794661e-01	
5.62000000e+00	2.78915881e-01	8.95985399e-01	
5.63000000e+00	2.78095401e-01	8.90178985e-01	
5.64000000e+00	2.77908668e-01	8.86429509e-01	
5.65000000e+00	2.76727389e-01	8.79539949e-01	
5.66000000e+00	2.75931425e-01	8.73913849e-01	
5.67000000e+00	2.75229849e-01	8.68619820e-01	
5.68000000e+00	2.75186537e-01	8.65427780e-01	
5.69000000e+00	2.74896835e-01	8.61480652e-01	
5.70000000e+00	2.74094334e-01	8.55954475e-01	
5.71000000e+00	2.72612729e-01	8.48348381e-01	
5.72000000e+00	2.72743075e-01	8.45788927e-01	
5.73000000e+00	2.72104424e-01	8.40865781e-01	
5.74000000e+00	2.71525838e-01	8.36156748e-01	
5.75000000e+00	2.70346602e-01	8.29632099e-01	
5.76000000e+00	2.70146385e-01	8.26141645e-01	
5.77000000e+00	2.69350422e-01	8.20854823e-01	
5.78000000e+00	2.67622837e-01	8.12770278e-01	
5.79000000e+00	2.67202381e-01	8.08692691e-01	
5.80000000e+00	2.67396061e-01	8.06490653e-01	
5.81000000e+00	2.65746928e-01	7.98760001e-01	
5.82000000e+00	2.65675422e-01	7.95803290e-01	
5.83000000e+00	2.64546444e-01	7.89705459e-01	
5.84000000e+00	2.64297604e-01	7.86263023e-01	
5.85000000e+00	2.63843643e-01	7.82231360e-01	
5.86000000e+00	2.63159637e-01	7.77542912e-01	
5.87000000e+00	2.61710312e-01	7.70628300e-01	
5.88000000e+00	2.61240824e-01	7.66631596e-01	
5.89000000e+00	2.60471011e-01	7.61779230e-01	
5.90000000e+00	2.60083653e-01	7.58070076e-01	
5.91000000e+00	2.59331819e-01	7.53322891e-01	
5.92000000e+00	2.58426757e-01	7.48159827e-01	
5.93000000e+00	2.58462714e-01	7.45742398e-01	
5.94000000e+00	2.57284295e-01	7.39844941e-01	
5.95000000e+00	2.57296554e-01	7.37395288e-01	
5.96000000e+00	2.55573055e-01	7.30000009e-01	
5.97000000e+00	2.55461097e-01	7.27237778e-01	
5.98000000e+00	2.54401582e-01	7.21801468e-01	
5.99000000e+00	2.52842752e-01	7.14985417e-01	
6.00000000e+00	2.52945312e-01	7.12893170e-01	
6.01000000e+00	2.51950357e-01	7.07727961e-01	
6.02000000e+00	2.51653300e-01	7.04546998e-01	
6.03000000e+00	2.50693894e-01	6.99535007e-01	
6.04000000e+00	2.49705477e-01	6.94471634e-01	
6.05000000e+00	2.48978976e-01	6.90163914e-01	
6.06000000e+00	2.48242669e-01	6.85853728e-01	
6.07000000e+00	2.47235047e-01	6.80821047e-01	
6.08000000e+00	2.46575557e-01	6.76773252e-01	
6.09000000e+00	2.45791443e-01	6.72407416e-01	
6.10000000e+00	2.45225524e-01	6.68661506e-01	
6.11000000e+00	2.44368269e-01	6.64144704e-01	
6.12000000e+00	2.43072989e-01	6.58467249e-01	
6.13000000e+00	2.42358338e-01	6.54391030e-01	
6.14000000e+00	2.41393211e-01	6.49663744e-01	
6.15000000e+00	2.40844045e-01	6.46079561e-01	
6.16000000e+00	2.40475892e-01	6.42999211e-01	
6.17000000e+00	2.39624357e-01	6.38647114e-01	
6.18000000e+00	2.38453293e-01	6.33470938e-01	
6.19000000e+00	2.37428102e-01	6.28711122e-01	
6.20000000e+00	2.36675450e-01	6.24698054e-01	
6.21000000e+00	2.35892153e-01	6.20626927e-01	
6.22000000e+00	2.34632830e-01	6.15330342e-01	
6.23000000e+00	2.33988868e-01	6.11673158e-01	
6.24000000e+00	2.32997182e-01	6.07130162e-01	
6.25000000e+00	2.32571006e-01	6.04081947e-01	
6.26000000e+00	2.31806913e-01	6.00175189e-01	
6.27000000e+00	2.31024025e-01	5.96241752e-01	
6.28000000e+00	2.29895456e-01	5.91440990e-01	
6.29000000e+00	2.28911125e-01	5.87037614e-01	
6.30000000e+00	2.27830771e-01	5.82413727e-01	
6.31000000e+00	2.27243605e-01	5.79072942e-01	
6.32000000e+00	2.26654395e-01	5.75745179e-01	
6.33000000e+00	2.25229996e-01	5.70320693e-01	
6.34000000e+00	2.24570098e-01	5.66857286e-01	
6.35000000e+00	2.23484432e-01	5.62341515e-01	
6.36000000e+00	2.22022033e-01	5.56906342e-01	
6.37000000e+00	2.21734374e-01	5.54439905e-01	
6.38000000e+00	2.21278370e-01	5.51566559e-01	
6.39000000e+00	2.20174726e-01	5.47099187e-01	
6.40000000e+00	2.19041663e-01	5.42584147e-01	
6.41000000e+00	2.17832598e-01	5.37906923e-01	
6.42000000e+00	2.17307132e-01	5.34938978e-01	
6.43000000e+00	2.16651728e-01	5.31668013e-01	
6.44000000e+00	2.14357407e-01	5.24405311e-01	
6.45000000e+00	2.14442397e-01	5.22987784e-01	
6.46000000e+00	2.13446216e-01	5.18947884e-01	
6.47000000e+00	2.12632682e-01	5.15373136e-01	
6.48000000e+00	2.11321058e-01	5.10614432e-01	
6.49000000e+00	2.10793548e-01	5.07771407e-01	
6.50000000e+00	2.09413687e-01	5.02896566e-01	
6.51000000e+00	2.08276537e-01	4.98630330e-01	
6.52000000e+00	2.07385777e-01	4.94975949e-01	
6.53000000e+00	2.06217164e-01	4.90680466e-01	
6.54000000e+00	2.05366039e-01	4.87162051e-01	
6.55000000e+00	2.04282825e-01	4.83113948e-01	
6.56000000e+00	2.03357742e-01	4.79461073e-01	
6.57000000e+00	2.02431841e-01	4.75826261e-01	
6.58000000e+00	2.01843449e-01	4.73002234e-01	
6.59000000e+00	2.00307909e-01	4.67980319e-01	
6.60000000e+00	1.99683968e-01	4.65109969e-01	
6.61000000e+00	1.98814046e-01	4.61683620e-01	
6.62000000e+00	1.97546960e-01	4.57356329e-01	
6.63000000e+00	1.96456392e-01	4.53460463e-01	
6.64000000e+00	1.96093958e-01	4.51261596e-01	
6.65000000e+00	1.95373178e-01	4.48251726e-01	
6.66000000e+00	1.93786562e-01	4.43277329e-01	
6.67000000e+00	1.92437346e-01	4.38872139e-01	
6.68000000e+00	1.91795426e-01	4.36099554e-01	
6.69000000e+00	1.91095485e-01	4.33210038e-01	
6.70000000e+00	1.90132401e-01	4.29741058e-01	
6.71000000e+00	1.89246544e-01	4.26464846e-01	
6.72000000e+00	1.87592100e-01	4.21479367e-01	
6.73000000e+00	1.86369143e-01	4.17488195e-01	
6.74000000e+00	1.85641825e-01	4.14625832e-01	
6.75000000e+00	1.85061605e-01	4.12106153e-01	
6.76000000e+00	1.83102340e-01	4.06537699e-01	
6.77000000e+00	1.82925414e-01	4.04945922e-01	
6.78000000e+00	1.81131226e-01	3.99792149e-01	
6.79000000e+00	1.80134229e-01	3.96421332e-01	
6.80000000e+00	1.79151941e-01	3.93100876e-01	
6.81000000e+00	1.78324923e-01	3.90137899e-01	
6.82000000e+00	1.77110955e-01	3.86346513e-01	
6.83000000e+00	1.75617501e-01	3.81967759e-01	
6.84000000e+00	1.74865258e-01	3.79220364e-01	
6.85000000e+00	1.73579785e-01	3.75334359e-01	
6.86000000e+00	1.72896596e-01	3.72767922e-01	
6.87000000e+00	1.71492218e-01	3.68664453e-01	
6.88000000e+00	1.70715459e-01	3.65928549e-01	
6.89000000e+00	1.68856711e-01	3.60894450e-01	
6.90000000e+00	1.68368428e-01	3.58808560e-01	
6.91000000e+00	1.67371838e-01	3.55653111e-01	
6.92000000e+00	1.65616468e-01	3.50906692e-01	
6.93000000e+00	1.64412716e-01	3.47351561e-01	
6.94000000e+00	1.63545655e-01	3.44524721e-01	
6.95000000e+00	1.62108180e-01	3.40514524e-01	
6.96000000e+00	1.61441335e-01	3.38140027e-01	
6.97000000e+00	1.60330745e-01	3.34850981e-01	
6.98000000e+00	1.59112283e-01	3.31354736e-01	
6.99000000e+00	1.58146748e-01	3.28402333e-01	
7.00000000e+00	1.56840435e-01	3.24759811e-01	
7.01000000e+00	1.55540252e-01	3.21149376e-01	
7.02000000e+00	1.54283381e-01	3.17647355e-01	
7.03000000e+00	1.53105371e-01	3.14325848e-01	
7.04000000e+00	1.52280804e-01	3.11745479e-01	
7.05000000e+00	1.51049267e-01	3.08347696e-01	
7.06000000e+00	1.49959924e-01	3.05257350e-01	
7.07000000e+00	1.48506514e-01	3.01444244e-01	
7.08000000e+00	1.47437192e-01	2.98428886e-01	
7.09000000e+00	1.46127203e-01	2.94943562e-01	
7.10000000e+00	1.45554337e-01	2.92960302e-01	
7.11000000e+00	1.43976302e-01	2.88969585e-01	
7.12000000e+00	1.42897583e-01	2.85999463e-01	
7.13000000e+00	1.42314503e-01	2.84034060e-01	
7.14000000e+00	1.40600811e-01	2.79828356e-01	
7.15000000e+00	1.39326369e-01	2.76516822e-01	
7.16000000e+00	1.37755280e-01	2.72635580e-01	
7.17000000e+00	1.36857165e-01	2.70103088e-01	
7.18000000e+00	1.35394765e-01	2.66473058e-01	
7.19000000e+00	1.34166088e-01	2.63320880e-01	
7.20000000e+00	1.32806657e-01	2.59929261e-01	
7.21000000e+00	1.31989446e-01	2.57613724e-01	
7.22000000e+00	1.30849844e-01	2.54682518e-01	
7.23000000e+00	1.29582758e-01	2.51519086e-01	
7.24000000e+00	1.28372059e-01	2.48481292e-01	
7.25000000e+00	1.27033058e-01	2.45211629e-01	
7.26000000e+00	1.25550637e-01	2.41682943e-01	
7.27000000e+00	1.24832717e-01	2.39640337e-01	
7.28000000e+00	1.23243241e-01	2.35939509e-01	
7.29000000e+00	1.22502847e-01	2.33879118e-01	
7.30000000e+00	1.20867607e-01	2.30125383e-01	
7.31000000e+00	1.19098345e-01	2.26136826e-01	
7.32000000e+00	1.18268058e-01	2.23947193e-01	
7.33000000e+00	1.17266565e-01	2.21445356e-01	
7.34000000e+00	1.15503023e-01	2.17521181e-01	
7.35000000e+00	1.14568950e-01	2.15175379e-01	
7.36000000e+00	1.13099604e-01	2.11838932e-01	
7.37000000e+00	1.12210478e-01	2.09603610e-01	
7.38000000e+00	1.10257752e-01	2.05398246e-01	
7.39000000e+00	1.08683803e-01	2.01918573e-01	
7.40000000e+00	1.08168551e-01	2.00418539e-01	
7.41000000e+00	1.06136555e-01	1.96123164e-01	
7.42000000e+00	1.05042309e-01	1.93578343e-01	
7.43000000e+00	1.04004042e-01	1.91149387e-01	
7.44000000e+00	1.02312823e-01	1.87535943e-01	
7.45000000e+00	1.01040016e-01	1.84706076e-01	
7.46000000e+00	9.95383900e-02	1.81473526e-01	
7.47000000e+00	9.84392407e-02	1.78989425e-01	
7.48000000e+00	9.69784753e-02	1.75862190e-01	
7.49000000e+00	9.55434521e-02	1.72797563e-01	
7.50000000e+00	9.44177434e-02	1.70306573e-01	
7.51000000e+00	9.30051935e-02	1.67312215e-01	
7.52000000e+00	9.12248985e-02	1.63673372e-01	
7.53000000e+00	9.02221802e-02	1.61444660e-01	
7.54000000e+00	8.89130075e-02	1.58680270e-01	
7.55000000e+00	8.74461131e-02	1.55649212e-01	
7.56000000e+00	8.62734147e-02	1.53155895e-01	
7.57000000e+00	8.47721974e-02	1.50093541e-01	
7.58000000e+00	8.36595641e-02	1.47732997e-01	
7.59000000e+00	8.18261504e-02	1.44114901e-01	
7.60000000e+00	8.06048280e-02	1.41590525e-01	
7.61000000e+00	7.91461056e-02	1.38662989e-01	
7.62000000e+00	7.78393846e-02	1.36015929e-01	
7.63000000e+00	7.65318464e-02	1.33380836e-01	
7.64000000e+00	7.48434877e-02	1.30097102e-01	
7.65000000e+00	7.36054124e-02	1.27610732e-01	
7.66000000e+00	7.19476991e-02	1.24411261e-01	
7.67000000e+00	7.07288283e-02	1.21984895e-01	
7.68000000e+00	6.93702144e-02	1.19330351e-01	
7.69000000e+00	6.79004597e-02	1.16498506e-01	
7.70000000e+00	6.70877430e-02	1.14805330e-01	
7.71000000e+00	6.59219910e-02	1.12517968e-01	
7.72000000e+00	6.47627766e-02	1.10253194e-01	
7.73000000e+00	6.34760773e-02	1.07783284e-01	
7.74000000e+00	6.23446481e-02	1.05588733e-01	
7.75000000e+00	6.13635858e-02	1.03659151e-01	
7.76000000e+00	6.04503521e-02	1.01853443e-01	
7.77000000e+00	5.92077822e-02	9.95032067e-02	
7.78000000e+00	5.82512363e-02	9.76441600e-02	
7.79000000e+00	5.72726256e-02	9.57574338e-02	
7.80000000e+00	5.64991351e-02	9.42221293e-02	
7.81000000e+00	5.54694487e-02	9.22682115e-02	
7.82000000e+00	5.47298724e-02	9.08053110e-02	
7.83000000e+00	5.38031547e-02	8.90398742e-02	
7.84000000e+00	5.29393623e-02	8.73870142e-02	
7.85000000e+00	5.19971175e-02	8.56131105e-02	
7.86000000e+00	5.10630449e-02	8.38613669e-02	
7.87000000e+00	5.02613605e-02	8.23351150e-02	
7.88000000e+00	4.92815241e-02	8.05252378e-02	
7.89000000e+00	4.85362273e-02	7.91065292e-02	
7.90000000e+00	4.76732521e-02	7.75034289e-02	
7.91000000e+00	4.68973099e-02	7.60493112e-02	
7.92000000e+00	4.63056488e-02	7.49003645e-02	
7.93000000e+00	4.55811909e-02	7.35427074e-02	
7.94000000e+00	4.44930740e-02	7.16063814e-02	
7.95000000e+00	4.37195834e-02	7.01846403e-02	
7.96000000e+00	4.31246535e-02	6.90557432e-02	
7.97000000e+00	4.25542400e-02	6.79714471e-02	
7.98000000e+00	4.16087264e-02	6.62947230e-02	
7.99000000e+00	4.09341184e-02	6.50567260e-02	
8.00000000e+00	4.03395971e-02	6.39516719e-02	
8.01000000e+00	3.96453760e-02	6.26942671e-02	
8.02000000e+00	3.88992620e-02	6.13610731e-02	
8.03000000e+00	3.83026977e-02	6.02696394e-02	
8.04000000e+00	3.75292071e-02	5.89057395e-02	
8.05000000e+00	3.69677829e-02	5.78804588e-02	
8.06000000e+00	3.63344441e-02	5.67477644e-02	
8.07000000e+00	3.57587187e-02	5.57102618e-02	
8.08000000e+00	3.51082184e-02	5.45615112e-02	
8.09000000e+00	3.44409653e-02	5.33922955e-02	
8.10000000e+00	3.38268309e-02	5.23108282e-02	
8.11000000e+00	3.32686756e-02	5.13208835e-02	
8.12000000e+00	3.25560672e-02	5.00979782e-02	
8.13000000e+00	3.19010723e-02	4.89693694e-02	
8.14000000e+00	3.16117795e-02	4.84061402e-02	
8.15000000e+00	3.07929337e-02	4.70366269e-02	
8.16000000e+00	3.04341779e-02	4.63747496e-02	
8.17000000e+00	2.98155489e-02	4.53209512e-02	
8.18000000e+00	2.93121466e-02	4.44468859e-02	
8.19000000e+00	2.85513228e-02	4.31875683e-02	
8.20000000e+00	2.79890814e-02	4.22339072e-02	
8.21000000e+00	2.76691431e-02	4.16494928e-02	
8.22000000e+00	2.71865798e-02	4.08235963e-02	
8.23000000e+00	2.64805092e-02	3.96667832e-02	
8.24000000e+00	2.60392150e-02	3.89111248e-02	
8.25000000e+00	2.54054676e-02	3.78721200e-02	
8.26000000e+00	2.49797005e-02	3.71473171e-02	
8.27000000e+00	2.46164500e-02	3.65186508e-02	
8.28000000e+00	2.42360381e-02	3.58675138e-02	
8.29000000e+00	2.35222040e-02	3.47271602e-02	
8.30000000e+00	2.31924592e-02	3.41578822e-02	
8.31000000e+00	2.27899826e-02	3.34843803e-02	
8.32000000e+00	2.21832031e-02	3.25145632e-02	
8.33000000e+00	2.16234133e-02	3.16180125e-02	
8.34000000e+00	2.11943773e-02	3.09163974e-02	
8.35000000e+00	2.08699444e-02	3.03702706e-02	
8.36000000e+00	2.05140488e-02	2.97809914e-02	
8.37000000e+00	1.97348378e-02	2.85813650e-02	
8.38000000e+00	1.94970293e-02	2.81696031e-02	
8.39000000e+00	1.91272411e-02	2.75694900e-02	
8.40000000e+00	1.86487639e-02	2.68158642e-02	
8.41000000e+00	1.83251481e-02	2.62878957e-02	
8.42000000e+00	1.78103050e-02	2.54886887e-02	
8.43000000e+00	1.75026249e-02	2.49889701e-02	
8.44000000e+00	1.70588791e-02	2.42977421e-02	
8.45000000e+00	1.66629402e-02	2.36776468e-02	
8.46000000e+00	1.63070446e-02	2.31171800e-02	
8.47000000e+00	1.58346964e-02	2.23945965e-02	
8.48000000e+00	1.54669513e-02	2.18229438e-02	
8.49000000e+00	1.52610140e-02	2.14816844e-02	
8.50000000e+00	1.48156338e-02	2.08057179e-02	
8.51000000e+00	1.44045765e-02	2.01809541e-02	
8.52000000e+00	1.42141663e-02	1.98674680e-02	
8.53000000e+00	1.38402921e-02	1.92995647e-02	
8.54000000e+00	1.34247401e-02	1.86762838e-02	
8.55000000e+00	1.31910176e-02	1.83082313e-02	
8.56000000e+00	1.28020250e-02	1.77268456e-02	
8.57000000e+00	1.23415264e-02	1.70493392e-02	
8.58000000e+00	1.20869650e-02	1.66587730e-02	
8.59000000e+00	1.19178023e-02	1.63874043e-02	
8.60000000e+00	1.16121652e-02	1.59300311e-02	
8.61000000e+00	1.13044851e-02	1.54719411e-02	
8.62000000e+00	1.08987397e-02	1.48820263e-02	
8.63000000e+00	1.04488648e-02	1.42346843e-02	
8.64000000e+00	1.03458962e-02	1.40618011e-02	
8.65000000e+00	1.00627324e-02	1.36453296e-02	
8.66000000e+00	9.84494558e-03	1.33191913e-02	
8.67000000e+00	9.46657671e-03	1.27777705e-02	
8.68000000e+00	9.20752070e-03	1.23994829e-02	
8.69000000e+00	8.90556109e-03	1.19652577e-02	
8.70000000e+00	8.72168853e-03	1.16912888e-02	
8.71000000e+00	8.37723393e-03	1.12037821e-02	
8.72000000e+00	8.22564122e-03	1.09758235e-02	
8.73000000e+00	7.93757420e-03	1.05671928e-02	
8.74000000e+00	7.66707723e-03	1.01837398e-02	
8.75000000e+00	7.51425870e-03	9.95795955e-03	
8.76000000e+00	7.22578308e-03	9.55381942e-03	
8.77000000e+00	6.95120006e-03	9.16982235e-03	
8.78000000e+00	6.64597161e-03	8.74721438e-03	
8.79000000e+00	6.49192726e-03	8.52503588e-03	
8.80000000e+00	6.21325818e-03	8.14056178e-03	
8.81000000e+00	6.05676220e-03	7.91751740e-03	
8.82000000e+00	5.90353506e-03	7.69972647e-03	
8.83000000e+00	5.59789800e-03	7.28456956e-03	
8.84000000e+00	5.40707914e-03	7.02034600e-03	
8.85000000e+00	5.18438904e-03	6.71601045e-03	
8.86000000e+00	4.95148379e-03	6.39982707e-03	
8.87000000e+00	4.83748281e-03	6.23838991e-03	
8.88000000e+00	4.68139543e-03	6.02351112e-03	
8.89000000e+00	4.41375870e-03	5.66637595e-03	
8.90000000e+00	4.28382209e-03	5.48721192e-03	
8.91000000e+00	4.09954092e-03	5.23938291e-03	
8.92000000e+00	3.95693754e-03	5.04579738e-03	
8.93000000e+00	3.71749460e-03	4.72985415e-03	
8.94000000e+00	3.62188087e-03	4.59789918e-03	
8.95000000e+00	3.41226615e-03	4.32212326e-03	
8.96000000e+00	3.36813673e-03	4.25670952e-03	
8.97000000e+00	3.08211275e-03	3.88654729e-03	
8.98000000e+00	2.99262810e-03	3.76530705e-03	
8.99000000e+00	2.77484126e-03	3.48352620e-03	
9.00000000e+00	2.73071185e-03	3.42051246e-03	
9.01000000e+00	2.56400073e-03	3.20456351e-03	
9.02000000e+00	2.48432262e-03	3.09809862e-03	
9.03000000e+00	2.33027827e-03	2.89956338e-03	
9.04000000e+00	2.16029830e-03	2.68211370e-03	
9.05000000e+00	2.05324361e-03	2.54356970e-03	
9.06000000e+00	1.90532835e-03	2.35512387e-03	
9.07000000e+00	1.85956451e-03	2.29349077e-03	
9.08000000e+00	1.71573531e-03	2.11144081e-03	
9.09000000e+00	1.61440110e-03	1.98236672e-03	
9.10000000e+00	1.50938943e-03	1.84934885e-03	
9.11000000e+00	1.37904422e-03	1.68593861e-03	
9.12000000e+00	1.28465630e-03	1.56710319e-03	
9.13000000e+00	1.24706458e-03	1.51791590e-03	
9.14000000e+00	1.11345051e-03	1.35231807e-03	
9.15000000e+00	1.07831043e-03	1.30677837e-03	
9.16000000e+00	9.76976213e-04	1.18139020e-03	
9.17000000e+00	8.76459213e-04	1.05753162e-03	
9.18000000e+00	7.73081972e-04	9.30765987e-04	
9.19000000e+00	7.36307460e-04	8.84562448e-04	
9.20000000e+00	6.72973577e-04	8.06719731e-04	
9.21000000e+00	5.84714747e-04	6.99399163e-04	
9.22000000e+00	5.40993938e-04	6.45700136e-04	
9.23000000e+00	4.96047312e-04	5.90772158e-04	
9.24000000e+00	4.12691750e-04	4.90435802e-04	
9.25000000e+00	3.82863535e-04	4.54005234e-04	
9.26000000e+00	3.27293161e-04	3.87271268e-04	
9.27000000e+00	2.66819518e-04	3.15034740e-04	
9.28000000e+00	2.19012652e-04	2.58032002e-04	
9.29000000e+00	1.87141408e-04	2.20008158e-04	
9.30000000e+00	1.47915261e-04	1.73519149e-04	
9.31000000e+00	1.17678440e-04	1.37751983e-04	
9.32000000e+00	9.72481551e-05	1.13592555e-04	
9.33000000e+00	7.31404191e-05	8.52500177e-05	
9.34000000e+00	4.78068661e-05	5.56028233e-05	
9.35000000e+00	3.55486953e-05	4.12572964e-05	
9.36000000e+00	2.20647075e-05	2.55532884e-05	
9.37000000e+00	1.22581708e-05	1.41659860e-05	
9.38000000e+00	2.86023985e-06	3.29835273e-06	
9.39000000e+00	8.17211387e-07	9.40380350e-07	
