1.00000000e+00	2.15393341e-01	4.37081664e+00	
1.01000000e+00	2.13805144e-01	4.25310123e+00	
1.02000000e+00	2.12812861e-01	4.15076211e+00	
1.03000000e+00	2.10402061e-01	4.02444370e+00	
1.04000000e+00	2.09274034e-01	3.92625935e+00	
1.05000000e+00	2.05262821e-01	3.77800050e+00	
1.06000000e+00	2.01377848e-01	3.63689098e+00	
1.07000000e+00	1.97908251e-01	3.50773407e+00	
1.08000000e+00	1.94012419e-01	3.37529966e+00	
1.09000000e+00	1.88763227e-01	3.22399763e+00	
1.10000000e+00	1.82709077e-01	3.06411507e+00	
1.11000000e+00	1.77956706e-01	2.93088458e+00	
1.12000000e+00	1.71990789e-01	2.78227120e+00	
1.13000000e+00	1.66741597e-01	2.64982618e+00	
1.14000000e+00	1.57675304e-01	2.46197870e+00	
1.15000000e+00	1.51555998e-01	2.32545406e+00	
1.16000000e+00	1.43450768e-01	2.16330231e+00	
1.17000000e+00	1.36670391e-01	2.02597010e+00	
1.18000000e+00	1.29220801e-01	1.88320991e+00	
1.19000000e+00	1.21847227e-01	1.74603137e+00	
1.20000000e+00	1.13608968e-01	1.60095985e+00	
1.21000000e+00	1.05357135e-01	1.46023760e+00	
1.22000000e+00	9.83554975e-02	1.34093984e+00	
1.23000000e+00	9.04674564e-02	1.21342370e+00	
1.24000000e+00	8.34060917e-02	1.10073992e+00	
1.25000000e+00	7.72786407e-02	1.00362106e+00	
1.26000000e+00	7.04032444e-02	8.99874405e-01	
1.27000000e+00	6.44414002e-02	8.10751653e-01	
1.28000000e+00	5.90700392e-02	7.31606636e-01	
1.29000000e+00	5.37584052e-02	6.55537095e-01	
1.30000000e+00	4.90046761e-02	5.88411476e-01	
1.31000000e+00	4.46554619e-02	5.28034515e-01	
1.32000000e+00	4.20967013e-02	4.90264582e-01	
1.33000000e+00	3.87411278e-02	4.44425832e-01	
1.34000000e+00	3.62801024e-02	4.10005067e-01	
1.35000000e+00	3.41557203e-02	3.80299915e-01	
1.36000000e+00	3.22403829e-02	3.53714359e-01	
1.37000000e+00	3.15616665e-02	3.41231495e-01	
1.38000000e+00	3.14096341e-02	3.34684054e-01	
1.39000000e+00	3.10974246e-02	3.26606737e-01	
1.40000000e+00	3.17462774e-02	3.28675288e-01	
1.41000000e+00	3.30494127e-02	3.37330677e-01	
1.42000000e+00	3.48724448e-02	3.50942546e-01	
1.43000000e+00	3.65203680e-02	3.62404337e-01	
1.44000000e+00	3.92583097e-02	3.84181925e-01	
1.45000000e+00	4.21496412e-02	4.06806791e-01	
1.46000000e+00	4.51753586e-02	4.30057190e-01	
1.47000000e+00	4.80056057e-02	4.50803833e-01	
1.48000000e+00	5.20941928e-02	4.82609869e-01	
1.49000000e+00	5.56859596e-02	5.08983246e-01	
1.50000000e+00	5.89872358e-02	5.31992909e-01	
1.51000000e+00	6.21962066e-02	5.53528924e-01	
1.52000000e+00	6.54119645e-02	5.74513625e-01	
1.53000000e+00	6.91734104e-02	5.99634542e-01	
1.54000000e+00	7.14321783e-02	6.11199188e-01	
1.55000000e+00	7.40927463e-02	6.25810164e-01	
1.56000000e+00	7.63732332e-02	6.36828214e-01	
1.57000000e+00	7.88681944e-02	6.49281322e-01	
1.58000000e+00	7.92211269e-02	6.43957430e-01	
1.59000000e+00	8.08771947e-02	6.49175538e-01	
1.60000000e+00	8.13075008e-02	6.44497094e-01	
1.61000000e+00	8.13007137e-02	6.36462649e-01	
1.62000000e+00	8.04509608e-02	6.22058921e-01	
1.63000000e+00	8.05269771e-02	6.15030288e-01	
1.64000000e+00	7.93365086e-02	5.98571045e-01	
1.65000000e+00	7.95794891e-02	5.93148689e-01	
1.66000000e+00	7.83768038e-02	5.77167262e-01	
1.67000000e+00	7.79112044e-02	5.66888037e-01	
1.68000000e+00	7.79641442e-02	5.60540077e-01	
1.69000000e+00	7.92129823e-02	5.62798941e-01	
1.70000000e+00	8.07428089e-02	5.66938992e-01	
1.71000000e+00	8.25970619e-02	5.73195397e-01	
1.72000000e+00	8.54259515e-02	5.85953628e-01	
1.73000000e+00	9.05624767e-02	6.14025491e-01	
1.74000000e+00	9.69668439e-02	6.49912785e-01	
1.75000000e+00	1.05663915e-01	7.00133594e-01	
1.76000000e+00	1.15759141e-01	7.58333563e-01	
1.77000000e+00	1.26242594e-01	8.17691895e-01	
1.78000000e+00	1.39556293e-01	8.93798739e-01	
1.79000000e+00	1.54577643e-01	9.78973498e-01	
1.80000000e+00	1.70082239e-01	1.06523216e+00	
1.81000000e+00	1.84984134e-01	1.14579691e+00	
1.82000000e+00	2.02709490e-01	1.24182850e+00	
1.83000000e+00	2.19171076e-01	1.32804067e+00	
1.84000000e+00	2.36927652e-01	1.42007219e+00	
1.85000000e+00	2.53801897e-01	1.50481019e+00	
1.86000000e+00	2.70069370e-01	1.58408966e+00	
1.87000000e+00	2.83194387e-01	1.64335634e+00	
1.88000000e+00	2.96609893e-01	1.70294354e+00	
1.89000000e+00	3.06018259e-01	1.73841735e+00	
1.90000000e+00	3.13963312e-01	1.76482650e+00	
1.91000000e+00	3.21016532e-01	1.78562797e+00	
1.92000000e+00	3.24446765e-01	1.78595827e+00	
1.93000000e+00	3.26257580e-01	1.77736371e+00	
1.94000000e+00	3.26003740e-01	1.75771897e+00	
1.95000000e+00	3.23169421e-01	1.72461180e+00	
1.96000000e+00	3.17743762e-01	1.67839898e+00	
1.97000000e+00	3.10325393e-01	1.62261385e+00	
1.98000000e+00	3.02174010e-01	1.56407309e+00	
1.99000000e+00	2.95758783e-01	1.51552050e+00	
2.00000000e+00	2.88096076e-01	1.46152978e+00	
2.01000000e+00	2.81922472e-01	1.41601514e+00	
2.02000000e+00	2.74805453e-01	1.36663621e+00	
2.03000000e+00	2.65910197e-01	1.30940270e+00	
2.04000000e+00	2.58729378e-01	1.26158270e+00	
2.05000000e+00	2.50470758e-01	1.20942690e+00	
2.06000000e+00	2.42772757e-01	1.16090271e+00	
2.07000000e+00	2.35164347e-01	1.11368176e+00	
2.08000000e+00	2.30258585e-01	1.07998937e+00	
2.09000000e+00	2.24296741e-01	1.04198318e+00	
2.10000000e+00	2.18592809e-01	1.00583698e+00	
2.11000000e+00	2.13461714e-01	9.72938520e-01	
2.12000000e+00	2.10339619e-01	9.49685215e-01	
2.13000000e+00	2.06922961e-01	9.25507183e-01	
2.14000000e+00	2.05185447e-01	9.09178850e-01	
2.15000000e+00	2.02374204e-01	8.88400001e-01	
2.16000000e+00	2.00055709e-01	8.70109206e-01	
2.17000000e+00	1.99265683e-01	8.58703754e-01	
2.18000000e+00	1.99550744e-01	8.52060987e-01	
2.19000000e+00	1.98415930e-01	8.39495987e-01	
2.20000000e+00	1.99085145e-01	8.34687308e-01	
2.21000000e+00	1.99590110e-01	8.29248674e-01	
2.22000000e+00	1.98859811e-01	8.18787850e-01	
2.23000000e+00	1.97517310e-01	8.05982760e-01	
2.24000000e+00	1.99374278e-01	8.06312527e-01	
2.25000000e+00	2.01330338e-01	8.07001800e-01	
2.26000000e+00	2.01149800e-01	7.99158720e-01	
2.27000000e+00	2.01984621e-01	7.95420730e-01	
2.28000000e+00	2.04128007e-01	7.96825489e-01	
2.29000000e+00	2.07415709e-01	8.02603403e-01	
2.30000000e+00	2.10015192e-01	8.05610943e-01	
2.31000000e+00	2.12260386e-01	8.07189133e-01	
2.32000000e+00	2.16742629e-01	8.17144163e-01	
2.33000000e+00	2.21333466e-01	8.27304828e-01	
2.34000000e+00	2.26304384e-01	8.38670890e-01	
2.35000000e+00	2.33035893e-01	8.56283172e-01	
2.36000000e+00	2.39216284e-01	8.71559517e-01	
2.37000000e+00	2.46269504e-01	8.89701370e-01	
2.38000000e+00	2.54329939e-01	9.11116452e-01	
2.39000000e+00	2.61761882e-01	9.29910004e-01	
2.40000000e+00	2.69806028e-01	9.50516110e-01	
2.41000000e+00	2.77837957e-01	9.70706211e-01	
2.42000000e+00	2.86478016e-01	9.92637973e-01	
2.43000000e+00	2.95400421e-01	1.01514687e+00	
2.44000000e+00	3.03619676e-01	1.03485756e+00	
2.45000000e+00	3.10694615e-01	1.05034476e+00	
2.46000000e+00	3.15765983e-01	1.05882807e+00	
2.47000000e+00	3.21564935e-01	1.06955986e+00	
2.48000000e+00	3.23379823e-01	1.06693970e+00	
2.49000000e+00	3.26526352e-01	1.06868536e+00	
2.50000000e+00	3.28485127e-01	1.06651265e+00	
2.51000000e+00	3.30423541e-01	1.06427498e+00	
2.52000000e+00	3.30355669e-01	1.05562824e+00	
2.53000000e+00	3.27830844e-01	1.03929559e+00	
2.54000000e+00	3.23778908e-01	1.01838369e+00	
2.55000000e+00	3.19798915e-01	9.97991729e-01	
2.56000000e+00	3.14050188e-01	9.72410061e-01	
2.57000000e+00	3.09515006e-01	9.50923935e-01	
2.58000000e+00	3.02792999e-01	9.23074458e-01	
2.59000000e+00	2.96844729e-01	8.97966490e-01	
2.60000000e+00	2.87933184e-01	8.64321548e-01	
2.61000000e+00	2.80954623e-01	8.36922963e-01	
2.62000000e+00	2.73866109e-01	8.09591660e-01	
2.63000000e+00	2.66983926e-01	7.83256368e-01	
2.64000000e+00	2.59729806e-01	7.56213199e-01	
2.65000000e+00	2.55174262e-01	7.37352973e-01	
2.66000000e+00	2.50324155e-01	7.17909668e-01	
2.67000000e+00	2.46915642e-01	7.02839880e-01	
2.68000000e+00	2.43131119e-01	6.86912276e-01	
2.69000000e+00	2.42713030e-01	6.80642163e-01	
2.70000000e+00	2.44162768e-01	6.79645159e-01	
2.71000000e+00	2.46026523e-01	6.79788266e-01	
2.72000000e+00	2.51292004e-01	6.89241119e-01	
2.73000000e+00	2.57528050e-01	7.01180067e-01	
2.74000000e+00	2.64224265e-01	7.14170472e-01	
2.75000000e+00	2.75695929e-01	7.39767557e-01	
2.76000000e+00	2.87490661e-01	7.65836204e-01	
2.77000000e+00	3.02286677e-01	7.99447197e-01	
2.78000000e+00	3.18634238e-01	8.36629482e-01	
2.79000000e+00	3.38546418e-01	8.82551653e-01	
2.80000000e+00	3.60224617e-01	9.32368607e-01	
2.81000000e+00	3.81092429e-01	9.79372709e-01	
2.82000000e+00	4.04456560e-01	1.03205771e+00	
2.83000000e+00	4.28397600e-01	1.08543663e+00	
2.84000000e+00	4.53275268e-01	1.14039593e+00	
2.85000000e+00	4.78448856e-01	1.19529779e+00	
2.86000000e+00	5.02083116e-01	1.24558643e+00	
2.87000000e+00	5.25296572e-01	1.29410969e+00	
2.88000000e+00	5.48592831e-01	1.34213273e+00	
2.89000000e+00	5.68224022e-01	1.38055661e+00	
2.90000000e+00	5.89224863e-01	1.42172429e+00	
2.91000000e+00	6.07019447e-01	1.45461125e+00	
2.92000000e+00	6.17958997e-01	1.47070061e+00	
2.93000000e+00	6.30166389e-01	1.48953362e+00	
2.94000000e+00	6.37188388e-01	1.49590326e+00	
2.95000000e+00	6.43957904e-01	1.50156371e+00	
2.96000000e+00	6.46497661e-01	1.49731733e+00	
2.97000000e+00	6.45649265e-01	1.48529965e+00	
2.98000000e+00	6.42802729e-01	1.46884341e+00	
2.99000000e+00	6.36527318e-01	1.44479086e+00	
3.00000000e+00	6.26501321e-01	1.41256941e+00	
3.01000000e+00	6.14864050e-01	1.37713472e+00	
3.02000000e+00	6.01608721e-01	1.33853753e+00	
3.03000000e+00	5.84985600e-01	1.29297532e+00	
3.04000000e+00	5.66231311e-01	1.24330314e+00	
3.05000000e+00	5.48493738e-01	1.19647137e+00	
3.06000000e+00	5.31005934e-01	1.15076551e+00	
3.07000000e+00	5.09110545e-01	1.09613907e+00	
3.08000000e+00	4.91245374e-01	1.05081765e+00	
3.09000000e+00	4.72393349e-01	1.00396167e+00	
3.10000000e+00	4.52627772e-01	9.55758407e-01	
3.11000000e+00	4.36627714e-01	9.16053496e-01	
3.12000000e+00	4.20933077e-01	8.77473850e-01	
3.13000000e+00	4.07909869e-01	8.44901058e-01	
3.14000000e+00	3.96736841e-01	8.16532642e-01	
3.15000000e+00	3.87769640e-01	7.93017941e-01	
3.16000000e+00	3.80142226e-01	7.72506718e-01	
3.17000000e+00	3.61750371e-01	7.30500938e-01	
3.18000000e+00	3.12980531e-01	6.28048814e-01	
3.19000000e+00	3.03139144e-01	6.04492575e-01	
3.20000000e+00	3.05670756e-01	6.05737208e-01	
3.21000000e+00	3.12429414e-01	6.15279103e-01	
3.22000000e+00	3.21055898e-01	6.28346537e-01	
3.23000000e+00	3.32940221e-01	6.47577178e-01	
3.24000000e+00	3.46224057e-01	6.69264111e-01	
3.25000000e+00	3.61168033e-01	6.93861672e-01	
3.26000000e+00	3.78809228e-01	7.23295338e-01	
3.27000000e+00	3.95361761e-01	7.50290545e-01	
3.28000000e+00	4.12723325e-01	7.78469573e-01	
3.29000000e+00	4.24530274e-01	7.95879258e-01	
3.30000000e+00	4.36740381e-01	8.13815177e-01	
3.31000000e+00	4.46246482e-01	8.26511944e-01	
3.32000000e+00	4.47180395e-01	8.23259791e-01	
3.33000000e+00	4.43794958e-01	8.12127494e-01	
3.34000000e+00	4.39310001e-01	7.99113509e-01	
3.35000000e+00	4.26000374e-01	7.70283655e-01	
3.36000000e+00	4.15392037e-01	7.46637724e-01	
3.37000000e+00	4.01327678e-01	7.17083330e-01	
3.38000000e+00	3.85223097e-01	6.84241221e-01	
3.39000000e+00	3.73703923e-01	6.59870293e-01	
3.40000000e+00	3.65966557e-01	6.42412352e-01	
3.41000000e+00	3.62283842e-01	6.32223338e-01	
3.42000000e+00	3.59828247e-01	6.24271282e-01	
3.43000000e+00	3.60606056e-01	6.21978098e-01	
3.44000000e+00	3.62058509e-01	6.20857868e-01	
3.45000000e+00	3.64397365e-01	6.21251362e-01	
3.46000000e+00	3.67971485e-01	6.23723755e-01	
3.47000000e+00	3.70085008e-01	6.23695857e-01	
3.48000000e+00	3.68264691e-01	6.17066414e-01	
3.49000000e+00	3.66677852e-01	6.10891582e-01	
3.50000000e+00	3.63244905e-01	6.01719047e-01	
3.51000000e+00	3.56305709e-01	5.86865885e-01	
3.52000000e+00	3.49445244e-01	5.72300498e-01	
3.53000000e+00	3.39316082e-01	5.52567515e-01	
3.54000000e+00	3.29018598e-01	5.32775493e-01	
3.55000000e+00	3.17962309e-01	5.11975587e-01	
3.56000000e+00	3.11181933e-01	4.98247002e-01	
3.57000000e+00	3.02907023e-01	4.82284415e-01	
3.58000000e+00	2.98545592e-01	4.72688381e-01	
3.59000000e+00	2.95460148e-01	4.65200669e-01	
3.60000000e+00	2.96069635e-01	4.63574121e-01	
3.61000000e+00	3.00718842e-01	4.68248671e-01	
3.62000000e+00	3.07548086e-01	4.76240366e-01	
3.63000000e+00	3.15737477e-01	4.86231623e-01	
3.64000000e+00	3.28950726e-01	5.03800273e-01	
3.65000000e+00	3.39313367e-01	5.16827431e-01	
3.66000000e+00	3.53426594e-01	5.35386445e-01	
3.67000000e+00	3.70537033e-01	5.58251383e-01	
3.68000000e+00	3.84331264e-01	5.75891134e-01	
3.69000000e+00	3.99089271e-01	5.94768058e-01	
3.70000000e+00	4.13844564e-01	6.13428746e-01	
3.71000000e+00	4.30274929e-01	6.34349408e-01	
3.72000000e+00	4.44308068e-01	6.51521326e-01	
3.73000000e+00	4.59333490e-01	6.69947489e-01	
3.74000000e+00	4.71957613e-01	6.84683888e-01	
3.75000000e+00	4.84760918e-01	6.99512340e-01	
3.76000000e+00	4.96474204e-01	7.12609020e-01	
3.77000000e+00	5.07427328e-01	7.24471773e-01	
3.78000000e+00	5.16296793e-01	7.33239993e-01	
3.79000000e+00	5.23146399e-01	7.39052238e-01	
3.80000000e+00	5.28870692e-01	7.43211847e-01	
3.81000000e+00	5.30724945e-01	7.41907678e-01	
3.82000000e+00	5.35856040e-01	7.45163753e-01	
3.83000000e+00	5.37489032e-01	7.43536641e-01	
3.84000000e+00	5.38684930e-01	7.41314840e-01	
3.85000000e+00	5.38408014e-01	7.37089752e-01	
3.86000000e+00	5.36116668e-01	7.30154921e-01	
3.87000000e+00	5.35572337e-01	7.25648870e-01	
3.88000000e+00	5.33047512e-01	7.18509949e-01	
3.89000000e+00	5.27571629e-01	7.07477360e-01	
3.90000000e+00	5.25276210e-01	7.00791514e-01	
3.91000000e+00	5.18816188e-01	6.88636948e-01	
3.92000000e+00	5.14890493e-01	6.79943859e-01	
3.93000000e+00	5.08670737e-01	6.68316171e-01	
3.94000000e+00	5.02034249e-01	6.56252874e-01	
3.95000000e+00	4.92752124e-01	6.40862161e-01	
3.96000000e+00	4.84680830e-01	6.27185179e-01	
3.97000000e+00	4.71113290e-01	6.06561246e-01	
3.98000000e+00	4.58286909e-01	5.87085865e-01	
3.99000000e+00	4.42060159e-01	5.63463646e-01	
4.00000000e+00	4.22807692e-01	5.36232600e-01	
4.01000000e+00	4.00662536e-01	5.05615415e-01	
4.02000000e+00	3.79266682e-01	4.76236747e-01	
4.03000000e+00	3.53043798e-01	4.41111938e-01	
4.04000000e+00	3.25809627e-01	4.05071324e-01	
4.05000000e+00	2.98510299e-01	3.69300240e-01	
4.06000000e+00	2.68948131e-01	3.31090546e-01	
4.07000000e+00	2.40733893e-01	2.94902692e-01	
4.08000000e+00	2.13301537e-01	2.60018336e-01	
4.09000000e+00	1.86383647e-01	2.26095286e-01	
4.10000000e+00	1.62638078e-01	1.96329173e-01	
4.11000000e+00	1.39192501e-01	1.67210102e-01	
4.12000000e+00	1.18195733e-01	1.41298543e-01	
4.13000000e+00	1.00353638e-01	1.19388731e-01	
4.14000000e+00	8.39748560e-02	9.94211774e-02	
4.15000000e+00	7.00801754e-02	8.25713344e-02	
4.16000000e+00	5.82406478e-02	6.82920032e-02	
4.17000000e+00	4.85160003e-02	5.66165233e-02	
4.18000000e+00	4.16256722e-02	4.83436028e-02	
4.19000000e+00	3.61104233e-02	4.17383090e-02	
4.20000000e+00	3.20462700e-02	3.68645743e-02	
4.21000000e+00	2.94956540e-02	3.37694631e-02	
4.22000000e+00	2.85766721e-02	3.25624495e-02	
4.23000000e+00	2.83350491e-02	3.21346483e-02	
4.24000000e+00	2.93884169e-02	3.31722397e-02	
4.25000000e+00	3.20571295e-02	3.60144749e-02	
4.26000000e+00	3.51575056e-02	3.93123652e-02	
4.27000000e+00	3.89610319e-02	4.33615719e-02	
4.28000000e+00	4.30360447e-02	4.76732905e-02	
4.29000000e+00	4.83259598e-02	5.32839264e-02	
4.30000000e+00	5.36973208e-02	5.89313001e-02	
4.31000000e+00	6.07437536e-02	6.63555727e-02	
4.32000000e+00	6.67816141e-02	7.26138952e-02	
4.33000000e+00	7.33841665e-02	7.94249389e-02	
4.34000000e+00	8.03410088e-02	8.65541983e-02	
4.35000000e+00	8.71974011e-02	9.35094158e-02	
4.36000000e+00	9.49782051e-02	1.01386772e-01	
4.37000000e+00	1.02560824e-01	1.08980537e-01	
4.38000000e+00	1.09630333e-01	1.15961234e-01	
4.39000000e+00	1.16743280e-01	1.22923005e-01	
4.40000000e+00	1.22904667e-01	1.28822979e-01	
4.41000000e+00	1.29566946e-01	1.35190869e-01	
4.42000000e+00	1.35553224e-01	1.40797723e-01	
4.43000000e+00	1.40201074e-01	1.44968686e-01	
4.44000000e+00	1.45470627e-01	1.49740641e-01	
4.45000000e+00	1.50468694e-01	1.54190085e-01	
4.46000000e+00	1.54982158e-01	1.58103798e-01	
4.47000000e+00	1.59331372e-01	1.61814176e-01	
4.48000000e+00	1.64311793e-01	1.66128071e-01	
4.49000000e+00	1.71237414e-01	1.72359924e-01	
4.50000000e+00	1.84705861e-01	1.85091282e-01	
4.51000000e+00	1.98102363e-01	1.97636380e-01	
4.52000000e+00	2.09696196e-01	2.08278288e-01	
4.53000000e+00	2.21622599e-01	2.19153270e-01	
4.54000000e+00	2.33020961e-01	2.29410663e-01	
4.55000000e+00	2.41571429e-01	2.36784403e-01	
4.56000000e+00	2.50284789e-01	2.44250290e-01	
4.57000000e+00	2.57409953e-01	2.50105506e-01	
4.58000000e+00	2.62474535e-01	2.53913934e-01	
4.59000000e+00	2.63735589e-01	2.54023377e-01	
4.60000000e+00	2.65847755e-01	2.54945676e-01	
4.61000000e+00	2.64226980e-01	2.52293247e-01	
4.62000000e+00	2.60701728e-01	2.47850771e-01	
4.63000000e+00	2.55060237e-01	2.41441040e-01	
4.64000000e+00	2.46808404e-01	2.32623882e-01	
4.65000000e+00	2.37695959e-01	2.23072590e-01	
4.66000000e+00	2.25774985e-01	2.10976608e-01	
4.67000000e+00	2.11501581e-01	1.96793239e-01	
4.68000000e+00	1.96092006e-01	1.81676393e-01	
4.69000000e+00	1.78832250e-01	1.64979685e-01	
4.70000000e+00	1.61170693e-01	1.48054181e-01	
4.71000000e+00	1.42443553e-01	1.30296065e-01	
4.72000000e+00	1.23621391e-01	1.12600403e-01	
4.73000000e+00	1.05146733e-01	9.53682511e-02	
4.74000000e+00	8.80349371e-02	7.95112701e-02	
4.75000000e+00	7.14511824e-02	6.42617454e-02	
4.76000000e+00	5.81266235e-02	5.20584828e-02	
4.77000000e+00	4.54020498e-02	4.04919805e-02	
4.78000000e+00	3.53041084e-02	3.13544921e-02	
4.79000000e+00	2.65038725e-02	2.34405945e-02	
4.80000000e+00	2.03981404e-02	1.79654632e-02	
4.81000000e+00	1.57489336e-02	1.38131051e-02	
4.82000000e+00	1.15598964e-02	1.00969495e-02	
4.83000000e+00	8.77715951e-03	7.63466606e-03	
4.84000000e+00	6.17767599e-03	5.35136679e-03	
4.85000000e+00	4.61798587e-03	3.98381754e-03	
4.86000000e+00	3.28634444e-03	2.82338991e-03	
4.87000000e+00	2.42708958e-03	2.07662558e-03	
4.88000000e+00	1.78095164e-03	1.51754926e-03	
4.89000000e+00	1.20811506e-03	1.02522903e-03	
4.90000000e+00	9.25769067e-04	7.82421583e-04	
4.91000000e+00	6.09487260e-04	5.13017245e-04	
4.92000000e+00	4.37093313e-04	3.66415868e-04	
4.93000000e+00	3.04064914e-04	2.53864975e-04	
4.94000000e+00	2.36193281e-04	1.96401119e-04	
4.95000000e+00	1.76466244e-04	1.46144192e-04	
4.96000000e+00	9.09479875e-05	7.50170630e-05	
4.97000000e+00	8.41608243e-05	6.91397045e-05	
4.98000000e+00	8.00885263e-05	6.55302664e-05	
4.99000000e+00	6.37993345e-05	5.19930595e-05	
5.00000000e+00	5.42973060e-05	4.40725917e-05	
5.01000000e+00	6.51567672e-05	5.26761945e-05	
5.02000000e+00	7.73736610e-05	6.23040142e-05	
5.03000000e+00	9.90925834e-05	7.94759078e-05	
5.04000000e+00	1.12666910e-04	9.00047908e-05	
5.05000000e+00	1.76466244e-04	1.40413609e-04	
5.06000000e+00	2.42980444e-04	1.92575310e-04	
5.07000000e+00	3.50217624e-04	2.76472790e-04	
5.08000000e+00	4.53382505e-04	3.56506662e-04	
5.09000000e+00	5.70121713e-04	4.46542020e-04	
5.10000000e+00	7.07222410e-04	5.51754620e-04	
5.11000000e+00	8.52467704e-04	6.62470358e-04	
5.12000000e+00	1.13074140e-03	8.75293466e-04	
5.13000000e+00	1.30992251e-03	1.01004609e-03	
5.14000000e+00	1.79181110e-03	1.37624673e-03	
5.15000000e+00	2.13524156e-03	1.63366450e-03	
5.16000000e+00	2.62120245e-03	1.99770556e-03	
5.17000000e+00	3.25648093e-03	2.47228065e-03	
5.18000000e+00	3.82660264e-03	2.89390429e-03	
5.19000000e+00	4.72793792e-03	3.56178226e-03	
5.20000000e+00	5.53289548e-03	4.15217926e-03	
5.21000000e+00	6.49395780e-03	4.85472162e-03	
5.22000000e+00	7.56632959e-03	5.63474888e-03	
5.23000000e+00	8.84095885e-03	6.55882899e-03	
5.24000000e+00	1.01576685e-02	7.50691984e-03	
5.25000000e+00	1.15001694e-02	8.46673462e-03	
5.26000000e+00	1.28996825e-02	9.46101755e-03	
5.27000000e+00	1.38010177e-02	1.00837066e-02	
5.28000000e+00	1.54842342e-02	1.12707341e-02	
5.29000000e+00	1.68185905e-02	1.21957516e-02	
5.30000000e+00	1.80877901e-02	1.30666448e-02	
5.31000000e+00	1.91493024e-02	1.37814283e-02	
5.32000000e+00	2.02094573e-02	1.44897770e-02	
5.33000000e+00	2.07157797e-02	1.47971195e-02	
5.34000000e+00	2.07999405e-02	1.48016420e-02	
5.35000000e+00	2.13049054e-02	1.51043612e-02	
5.36000000e+00	2.04470080e-02	1.44421052e-02	
5.37000000e+00	1.95891106e-02	1.37846728e-02	
5.38000000e+00	1.87244260e-02	1.31272658e-02	
5.39000000e+00	1.66244777e-02	1.16118334e-02	
5.40000000e+00	1.47132125e-02	1.02388293e-02	
5.41000000e+00	1.28806784e-02	8.93047427e-03	
5.42000000e+00	1.09938470e-02	7.59418955e-03	
5.43000000e+00	8.50295812e-03	5.85195122e-03	
5.44000000e+00	6.36500169e-03	4.36446526e-03	
5.45000000e+00	4.45373652e-03	3.04271891e-03	
5.46000000e+00	2.78545180e-03	1.89601024e-03	
5.47000000e+00	1.47824416e-03	1.00254029e-03	
5.48000000e+00	5.13109542e-04	3.46720316e-04	
5.49000000e+00	5.02250080e-05	3.38147081e-05	
