# Polymer initiate rand trotter 64 temp 20.000000 beta 6.013617 monomerMass 0.031250 feder 877.575194
# Thermostat Andersen dtime 0.001000 nu 15.625000
# runs 1e+08 warm 1e+07
# velocity 1 relPos 3
# 2.378831e-03 4.022739e+00 3.032629e-24 2.398958e-02 
-1.15108571e+01	6.97670139e-07	-6.86895234e-02	1.25994924e-04	
-1.14647214e+01	7.28150873e-07	-6.84142146e-02	1.35075639e-04	
-1.14185857e+01	8.70394300e-07	-6.81389059e-02	1.36210728e-04	
-1.13724500e+01	9.51676258e-07	-6.78635972e-02	1.49831801e-04	
-1.13263143e+01	1.11762692e-06	-6.75882885e-02	1.48129167e-04	
-1.12801786e+01	1.26325710e-06	-6.73129798e-02	1.69128321e-04	
-1.12340429e+01	1.12440042e-06	-6.70376711e-02	1.88424841e-04	
-1.11879072e+01	1.31405832e-06	-6.67623624e-02	2.18504710e-04	
-1.11417715e+01	1.40211377e-06	-6.64870537e-02	2.34395962e-04	
-1.10956358e+01	1.68998738e-06	-6.62117450e-02	2.71853912e-04	
-1.10495001e+01	1.89996577e-06	-6.59364362e-02	2.99663602e-04	
-1.10033644e+01	1.95415374e-06	-6.56611275e-02	3.21797846e-04	
-1.09572287e+01	2.28605507e-06	-6.53858188e-02	3.62661064e-04	
-1.09110930e+01	2.34362979e-06	-6.51105101e-02	3.84227763e-04	
-1.08649573e+01	2.59086241e-06	-6.48352014e-02	4.54035761e-04	
-1.08188216e+01	3.04807342e-06	-6.45598927e-02	4.76737549e-04	
-1.07726859e+01	3.24111807e-06	-6.42845840e-02	5.35762198e-04	
-1.07265502e+01	3.52221818e-06	-6.40092753e-02	5.73787693e-04	
-1.06804145e+01	3.80670503e-06	-6.37339666e-02	6.38487789e-04	
-1.06342788e+01	4.37229199e-06	-6.34586578e-02	6.67432568e-04	
-1.05881431e+01	4.67032583e-06	-6.31833491e-02	7.55969542e-04	
-1.05420074e+01	5.12076335e-06	-6.29080404e-02	8.45641605e-04	
-1.04958717e+01	5.33412849e-06	-6.26327317e-02	9.25097863e-04	
-1.04497360e+01	5.77101901e-06	-6.23574230e-02	9.92068137e-04	
-1.04036003e+01	6.38063370e-06	-6.20821143e-02	1.10387444e-03	
-1.03574646e+01	7.02072912e-06	-6.18068056e-02	1.21114039e-03	
-1.03113289e+01	7.91821740e-06	-6.15314969e-02	1.33316250e-03	
-1.02651932e+01	9.12051303e-06	-6.12561882e-02	1.47618377e-03	
-1.02190575e+01	9.14083352e-06	-6.09808795e-02	1.57493655e-03	
-1.01729218e+01	1.02753942e-05	-6.07055707e-02	1.72930870e-03	
-1.01267861e+01	1.08206607e-05	-6.04302620e-02	1.81841322e-03	
-1.00806504e+01	1.24801673e-05	-6.01549533e-02	1.99435208e-03	
-1.00345147e+01	1.33641086e-05	-5.98796446e-02	2.19356027e-03	
-9.98837898e+00	1.44444813e-05	-5.96043359e-02	2.42965887e-03	
-9.94224328e+00	1.60396397e-05	-5.93290272e-02	2.75826725e-03	
-9.89610758e+00	1.72893498e-05	-5.90537185e-02	2.84566913e-03	
-9.84997188e+00	1.88912817e-05	-5.87784098e-02	3.14022483e-03	
-9.80383618e+00	2.03204895e-05	-5.85031011e-02	3.48188674e-03	
-9.75770048e+00	2.19935431e-05	-5.82277923e-02	3.74465994e-03	
-9.71156478e+00	2.42186367e-05	-5.79524836e-02	4.05794461e-03	
-9.66542908e+00	2.68535269e-05	-5.76771749e-02	4.31958272e-03	
-9.61929338e+00	2.80016345e-05	-5.74018662e-02	4.78496937e-03	
-9.57315768e+00	3.16593226e-05	-5.71265575e-02	5.30881313e-03	
-9.52702198e+00	3.37929740e-05	-5.68512488e-02	5.79860421e-03	
-9.48088628e+00	3.79688346e-05	-5.65759401e-02	6.13856349e-03	
-9.43475058e+00	3.98654136e-05	-5.63006314e-02	6.68056868e-03	
-9.38861488e+00	4.32386149e-05	-5.60253227e-02	7.30259767e-03	
-9.34247918e+00	4.66084294e-05	-5.57500139e-02	7.83665723e-03	
-9.29634348e+00	5.04422284e-05	-5.54747052e-02	8.56538463e-03	
-9.25020778e+00	5.55494448e-05	-5.51993965e-02	9.24019528e-03	
-9.20407208e+00	5.96033824e-05	-5.49240878e-02	9.99616482e-03	
-9.15793638e+00	6.48054277e-05	-5.46487791e-02	1.09133171e-02	
-9.11180068e+00	7.04816178e-05	-5.43734704e-02	1.18361447e-02	
-9.06566499e+00	7.68757985e-05	-5.40981617e-02	1.27067583e-02	
-9.01952929e+00	8.19796281e-05	-5.38228530e-02	1.37470677e-02	
-8.97339359e+00	8.86820029e-05	-5.35475443e-02	1.49366414e-02	
-8.92725789e+00	9.61938105e-05	-5.32722355e-02	1.60757037e-02	
-8.88112219e+00	1.03624336e-04	-5.29969268e-02	1.74542697e-02	
-8.83498649e+00	1.12189422e-04	-5.27216181e-02	1.88163770e-02	
-8.78885079e+00	1.21902616e-04	-5.24463094e-02	2.03969890e-02	
-8.74271509e+00	1.30653974e-04	-5.21710007e-02	2.19021176e-02	
-8.69657939e+00	1.41125799e-04	-5.18956920e-02	2.34475418e-02	
-8.65044369e+00	1.53626287e-04	-5.16203833e-02	2.55962660e-02	
-8.60430799e+00	1.64877065e-04	-5.13450746e-02	2.73136563e-02	
-8.55817229e+00	1.78173439e-04	-5.10697659e-02	2.92665776e-02	
-8.51203659e+00	1.90728114e-04	-5.07944572e-02	3.19493614e-02	
-8.46590089e+00	2.05744956e-04	-5.05191484e-02	3.42666464e-02	
-8.41976519e+00	2.22550001e-04	-5.02438397e-02	3.68478397e-02	
-8.37362949e+00	2.39070559e-04	-4.99685310e-02	3.95300560e-02	
-8.32749379e+00	2.55144066e-04	-4.96932223e-02	4.25539341e-02	
-8.28135809e+00	2.76978432e-04	-4.94179136e-02	4.55823527e-02	
-8.23522239e+00	2.94132312e-04	-4.91426049e-02	4.88417619e-02	
-8.18908669e+00	3.18303534e-04	-4.88672962e-02	5.29729198e-02	
-8.14295099e+00	3.40087099e-04	-4.85919875e-02	5.65898821e-02	
-8.09681529e+00	3.65206611e-04	-4.83166788e-02	6.09406798e-02	
-8.05067959e+00	3.92158353e-04	-4.80413700e-02	6.52977205e-02	
-8.00454389e+00	4.20430927e-04	-4.77660613e-02	6.98085658e-02	
-7.95840819e+00	4.51507729e-04	-4.74907526e-02	7.48790101e-02	
-7.91227249e+00	4.80779394e-04	-4.72154439e-02	8.00130195e-02	
-7.86613679e+00	5.16753434e-04	-4.69401352e-02	8.59841573e-02	
-7.82000109e+00	5.49923247e-04	-4.66648265e-02	9.14456400e-02	
-7.77386539e+00	5.90550679e-04	-4.63895178e-02	9.80200778e-02	
-7.72772969e+00	6.33409978e-04	-4.61142091e-02	1.05571260e-01	
-7.68159399e+00	6.75669822e-04	-4.58389004e-02	1.12570221e-01	
-7.63545830e+00	7.22928507e-04	-4.55635916e-02	1.20327422e-01	
-7.58932260e+00	7.71890727e-04	-4.52882829e-02	1.28777028e-01	
-7.54318690e+00	8.24842536e-04	-4.50129742e-02	1.37412220e-01	
-7.49705120e+00	8.80070239e-04	-4.47376655e-02	1.46611552e-01	
-7.45091550e+00	9.38142812e-04	-4.44623568e-02	1.56097495e-01	
-7.40477980e+00	1.00045221e-03	-4.41870481e-02	1.66702067e-01	
-7.35864410e+00	1.06904402e-03	-4.39117394e-02	1.78112554e-01	
-7.31250840e+00	1.13612195e-03	-4.36364307e-02	1.88854472e-01	
-7.26637270e+00	1.21535832e-03	-4.33611220e-02	2.01744547e-01	
-7.22023700e+00	1.29000225e-03	-4.30858132e-02	2.14752672e-01	
-7.17410130e+00	1.37144338e-03	-4.28105045e-02	2.28612113e-01	
-7.12796560e+00	1.45615273e-03	-4.25351958e-02	2.44091328e-01	
-7.08182990e+00	1.55630904e-03	-4.22598871e-02	2.59596081e-01	
-7.03569420e+00	1.65152408e-03	-4.19845784e-02	2.75065647e-01	
-6.98955850e+00	1.75341778e-03	-4.17092697e-02	2.93132298e-01	
-6.94342280e+00	1.86858754e-03	-4.14339610e-02	3.11368644e-01	
-6.89728710e+00	1.97876863e-03	-4.11586523e-02	3.30295692e-01	
-6.85115140e+00	2.10417991e-03	-4.08833436e-02	3.51048532e-01	
-6.80501570e+00	2.23103395e-03	-4.06080348e-02	3.72327485e-01	
-6.75888000e+00	2.36750298e-03	-4.03327261e-02	3.93996910e-01	
-6.71274430e+00	2.50404650e-03	-4.00574174e-02	4.18177152e-01	
-6.66660860e+00	2.65308375e-03	-3.97821087e-02	4.43474322e-01	
-6.62047290e+00	2.81744264e-03	-3.95068000e-02	4.68919053e-01	
-6.57433720e+00	2.98022670e-03	-3.92314913e-02	4.97695840e-01	
-6.52820150e+00	3.15737395e-03	-3.89561826e-02	5.26596918e-01	
-6.48206580e+00	3.33990613e-03	-3.86808739e-02	5.57815282e-01	
-6.43593010e+00	3.52843625e-03	-3.84055652e-02	5.89041592e-01	
-6.38979440e+00	3.73503128e-03	-3.81302565e-02	6.22977360e-01	
-6.34365870e+00	3.94374980e-03	-3.78549477e-02	6.58506225e-01	
-6.29752300e+00	4.16257099e-03	-3.75796390e-02	6.95110588e-01	
-6.25138731e+00	4.40045957e-03	-3.73043303e-02	7.34482299e-01	
-6.20525161e+00	4.63814834e-03	-3.70290216e-02	7.76241103e-01	
-6.15911591e+00	4.89408152e-03	-3.67537129e-02	8.17144050e-01	
-6.11298021e+00	5.16606449e-03	-3.64784042e-02	8.61306406e-01	
-6.06684451e+00	5.44240960e-03	-3.62030955e-02	9.10006849e-01	
-6.02070881e+00	5.74195733e-03	-3.59277868e-02	9.59327619e-01	
-5.97457311e+00	6.04914555e-03	-3.56524781e-02	1.01000652e+00	
-5.92843741e+00	6.37310834e-03	-3.53771693e-02	1.06173482e+00	
-5.88230171e+00	6.69121545e-03	-3.51018606e-02	1.11984118e+00	
-5.83616601e+00	7.04541512e-03	-3.48265519e-02	1.17701223e+00	
-5.79003031e+00	7.39721021e-03	-3.45512432e-02	1.23844440e+00	
-5.74389461e+00	7.78660837e-03	-3.42759345e-02	1.30219216e+00	
-5.69775891e+00	8.19541259e-03	-3.40006258e-02	1.36862099e+00	
-5.65162321e+00	8.59662372e-03	-3.37253171e-02	1.43722239e+00	
-5.60548751e+00	9.03428981e-03	-3.34500084e-02	1.50945835e+00	
-5.55935181e+00	9.46552107e-03	-3.31746997e-02	1.58485836e+00	
-5.51321611e+00	9.94192479e-03	-3.28993909e-02	1.66274139e+00	
-5.46708041e+00	1.04280011e-02	-3.26240822e-02	1.74483843e+00	
-5.42094471e+00	1.09333445e-02	-3.23487735e-02	1.82769428e+00	
-5.37480901e+00	1.14632386e-02	-3.20734648e-02	1.91631639e+00	
-5.32867331e+00	1.19948937e-02	-3.17981561e-02	2.00808723e+00	
-5.28253761e+00	1.25619268e-02	-3.15228474e-02	2.10328491e+00	
-5.23640191e+00	1.31542724e-02	-3.12475387e-02	2.19798485e+00	
-5.19026621e+00	1.37597248e-02	-3.09722300e-02	2.30036197e+00	
-5.14413051e+00	1.43889589e-02	-3.06969213e-02	2.40675900e+00	
-5.09799481e+00	1.50389301e-02	-3.04216125e-02	2.51526617e+00	
-5.05185911e+00	1.57181628e-02	-3.01463038e-02	2.62986423e+00	
-5.00572341e+00	1.64156771e-02	-2.98709951e-02	2.74860083e+00	
-4.95958771e+00	1.71563725e-02	-2.95956864e-02	2.86629938e+00	
-4.91345201e+00	1.78998010e-02	-2.93203777e-02	2.99516495e+00	
-4.86731632e+00	1.86597264e-02	-2.90450690e-02	3.12240393e+00	
-4.82118062e+00	1.94735789e-02	-2.87697603e-02	3.25675822e+00	
-4.77504492e+00	2.03008362e-02	-2.84944516e-02	3.39749114e+00	
-4.72890922e+00	2.11402925e-02	-2.82191429e-02	3.53907311e+00	
-4.68277352e+00	2.20294799e-02	-2.79438342e-02	3.68837029e+00	
-4.63663782e+00	2.29259251e-02	-2.76685254e-02	3.83776962e+00	
-4.59050212e+00	2.38814250e-02	-2.73932167e-02	3.99778033e+00	
-4.54436642e+00	2.48380086e-02	-2.71179080e-02	4.15676152e+00	
-4.49823072e+00	2.58299025e-02	-2.68425993e-02	4.32302431e+00	
-4.45209502e+00	2.68462386e-02	-2.65672906e-02	4.49249883e+00	
-4.40595932e+00	2.78975123e-02	-2.62919819e-02	4.67162445e+00	
-4.35982362e+00	2.89918824e-02	-2.60166732e-02	4.85203329e+00	
-4.31368792e+00	3.01058889e-02	-2.57413645e-02	5.03783721e+00	
-4.26755222e+00	3.12333815e-02	-2.54660558e-02	5.22610428e+00	
-4.22141652e+00	3.24219167e-02	-2.51907470e-02	5.42497308e+00	
-4.17528082e+00	3.35852715e-02	-2.49154383e-02	5.62635666e+00	
-4.12914512e+00	3.48618318e-02	-2.46401296e-02	5.83471708e+00	
-4.08300942e+00	3.60990312e-02	-2.43648209e-02	6.04404857e+00	
-4.03687372e+00	3.74111117e-02	-2.40895122e-02	6.25710655e+00	
-3.99073802e+00	3.87100515e-02	-2.38142035e-02	6.48128273e+00	
-3.94460232e+00	4.00487756e-02	-2.35388948e-02	6.71339206e+00	
-3.89846662e+00	4.14702480e-02	-2.32635861e-02	6.94186455e+00	
-3.85233092e+00	4.28664349e-02	-2.29882774e-02	7.17572816e+00	
-3.80619522e+00	4.43096808e-02	-2.27129686e-02	7.41950166e+00	
-3.76005952e+00	4.57902520e-02	-2.24376599e-02	7.67163453e+00	
-3.71392382e+00	4.73150879e-02	-2.21623512e-02	7.92432075e+00	
-3.66778812e+00	4.88341868e-02	-2.18870425e-02	8.18113133e+00	
-3.62165242e+00	5.04280311e-02	-2.16117338e-02	8.44012354e+00	
-3.57551672e+00	5.19988964e-02	-2.13364251e-02	8.71426409e+00	
-3.52938102e+00	5.36455537e-02	-2.10611164e-02	8.98343068e+00	
-3.48324533e+00	5.53030656e-02	-2.07858077e-02	9.26287550e+00	
-3.43710963e+00	5.69797160e-02	-2.05104990e-02	9.54921202e+00	
-3.39097393e+00	5.86631466e-02	-2.02351902e-02	9.82970396e+00	
-3.34483823e+00	6.04292748e-02	-1.99598815e-02	1.01194667e+01	
-3.29870253e+00	6.21802880e-02	-1.96845728e-02	1.04201644e+01	
-3.25256683e+00	6.39787902e-02	-1.94092641e-02	1.07204063e+01	
-3.20643113e+00	6.58050603e-02	-1.91339554e-02	1.10242896e+01	
-3.16029543e+00	6.76331728e-02	-1.88586467e-02	1.13350839e+01	
-3.11415973e+00	6.94999078e-02	-1.85833380e-02	1.16475735e+01	
-3.06802403e+00	7.13931137e-02	-1.83080293e-02	1.19655092e+01	
-3.02188833e+00	7.32973501e-02	-1.80327206e-02	1.22834386e+01	
-2.97575263e+00	7.52302926e-02	-1.77574118e-02	1.26080294e+01	
-2.92961693e+00	7.71771276e-02	-1.74821031e-02	1.29339924e+01	
-2.88348123e+00	7.91510058e-02	-1.72067944e-02	1.32659005e+01	
-2.83734553e+00	8.11451773e-02	-1.69314857e-02	1.35982956e+01	
-2.79120983e+00	8.31316440e-02	-1.66561770e-02	1.39362486e+01	
-2.74507413e+00	8.51704868e-02	-1.63808683e-02	1.42751323e+01	
-2.69893843e+00	8.72076159e-02	-1.61055596e-02	1.46140184e+01	
-2.65280273e+00	8.92281262e-02	-1.58302509e-02	1.49612922e+01	
-2.60666703e+00	9.13222576e-02	-1.55549422e-02	1.53028224e+01	
-2.56053133e+00	9.33674708e-02	-1.52796335e-02	1.56493198e+01	
-2.51439563e+00	9.54249441e-02	-1.50043247e-02	1.60010579e+01	
-2.46825993e+00	9.75184287e-02	-1.47290160e-02	1.63463413e+01	
-2.42212423e+00	9.96324572e-02	-1.44537073e-02	1.66930368e+01	
-2.37598853e+00	1.01727926e-01	-1.41783986e-02	1.70581633e+01	
-2.32985283e+00	1.03817506e-01	-1.39030899e-02	1.74018002e+01	
-2.28371713e+00	1.05912535e-01	-1.36277812e-02	1.77532466e+01	
-2.23758143e+00	1.08018476e-01	-1.33524725e-02	1.81060205e+01	
-2.19144573e+00	1.10070798e-01	-1.30771638e-02	1.84562500e+01	
-2.14531003e+00	1.12180014e-01	-1.28018551e-02	1.88079388e+01	
-2.09917433e+00	1.14251678e-01	-1.25265463e-02	1.91547318e+01	
-2.05303864e+00	1.16347218e-01	-1.22512376e-02	1.95058110e+01	
-2.00690294e+00	1.18439223e-01	-1.19759289e-02	1.98516648e+01	
-1.96076724e+00	1.20448482e-01	-1.17006202e-02	2.01952507e+01	
-1.91463154e+00	1.22503951e-01	-1.14253115e-02	2.05369705e+01	
-1.86849584e+00	1.24514693e-01	-1.11500028e-02	2.08800354e+01	
-1.82236014e+00	1.26549811e-01	-1.08746941e-02	2.12126047e+01	
-1.77622444e+00	1.28530320e-01	-1.05993854e-02	2.15486615e+01	
-1.73008874e+00	1.30520177e-01	-1.03240767e-02	2.18824374e+01	
-1.68395304e+00	1.32421301e-01	-1.00487679e-02	2.22092268e+01	
-1.63781734e+00	1.34369535e-01	-9.77345924e-03	2.25352636e+01	
-1.59168164e+00	1.36253911e-01	-9.49815052e-03	2.28524445e+01	
-1.54554594e+00	1.38115624e-01	-9.22284181e-03	2.31631985e+01	
-1.49941024e+00	1.39953995e-01	-8.94753310e-03	2.34717510e+01	
-1.45327454e+00	1.41755538e-01	-8.67222439e-03	2.37729118e+01	
-1.40713884e+00	1.43536863e-01	-8.39691568e-03	2.40726832e+01	
-1.36100314e+00	1.45274807e-01	-8.12160697e-03	2.43594278e+01	
-1.31486744e+00	1.46957106e-01	-7.84629826e-03	2.46493881e+01	
-1.26873174e+00	1.48575657e-01	-7.57098955e-03	2.49262551e+01	
-1.22259604e+00	1.50225162e-01	-7.29568084e-03	2.51977838e+01	
-1.17646034e+00	1.51834982e-01	-7.02037213e-03	2.54522947e+01	
-1.13032464e+00	1.53344371e-01	-6.74506342e-03	2.57140662e+01	
-1.08418894e+00	1.54788941e-01	-6.46975470e-03	2.59595253e+01	
-1.03805324e+00	1.56249100e-01	-6.19444599e-03	2.62016909e+01	
-9.91917543e-01	1.57606848e-01	-5.91913728e-03	2.64350051e+01	
-9.45781843e-01	1.59005006e-01	-5.64382857e-03	2.66634408e+01	
-8.99646144e-01	1.60225163e-01	-5.36851986e-03	2.68732615e+01	
-8.53510444e-01	1.61460896e-01	-5.09321115e-03	2.70766093e+01	
-8.07374744e-01	1.62643484e-01	-4.81790244e-03	2.72733816e+01	
-7.61239045e-01	1.63740960e-01	-4.54259373e-03	2.74568705e+01	
-7.15103345e-01	1.64779157e-01	-4.26728502e-03	2.76309404e+01	
-6.68967645e-01	1.65800892e-01	-3.99197631e-03	2.77983900e+01	
-6.22831946e-01	1.66700494e-01	-3.71666760e-03	2.79616056e+01	
-5.76696246e-01	1.67573475e-01	-3.44135889e-03	2.81028119e+01	
-5.30560546e-01	1.68415170e-01	-3.16605017e-03	2.82347053e+01	
-4.84424847e-01	1.69144540e-01	-2.89074146e-03	2.83566712e+01	
-4.38289147e-01	1.69815557e-01	-2.61543275e-03	2.84739526e+01	
-3.92153447e-01	1.70434566e-01	-2.34012404e-03	2.85784024e+01	
-3.46017748e-01	1.70951269e-01	-2.06481533e-03	2.86714604e+01	
-2.99882048e-01	1.71432567e-01	-1.78950662e-03	2.87542397e+01	
-2.53746348e-01	1.71819851e-01	-1.51419791e-03	2.88299870e+01	
-2.07610649e-01	1.72249863e-01	-1.23888920e-03	2.88828913e+01	
-1.61474949e-01	1.72561844e-01	-9.63580488e-04	2.89201126e+01	
-1.15339249e-01	1.72668191e-01	-6.88271777e-04	2.89604219e+01	
-6.92035495e-02	1.72846287e-01	-4.12963066e-04	2.89780390e+01	
-2.30678498e-02	1.72938813e-01	-1.37654355e-04	2.89974507e+01	
2.30678498e-02	1.72892286e-01	1.37654355e-04	2.89929660e+01	
6.92035495e-02	1.72769330e-01	4.12963066e-04	2.89803966e+01	
1.15339249e-01	1.72737728e-01	6.88271777e-04	2.89614048e+01	
1.61474949e-01	1.72477280e-01	9.63580488e-04	2.89242999e+01	
2.07610649e-01	1.72199817e-01	1.23888920e-03	2.88767595e+01	
2.53746348e-01	1.71863334e-01	1.51419791e-03	2.88212412e+01	
2.99882048e-01	1.71426531e-01	1.78950662e-03	2.87473020e+01	
3.46017748e-01	1.70993813e-01	2.06481533e-03	2.86711789e+01	
3.92153447e-01	1.70413978e-01	2.34012404e-03	2.85791595e+01	
4.38289147e-01	1.69772339e-01	2.61543275e-03	2.84695036e+01	
4.84424847e-01	1.69129710e-01	2.89074146e-03	2.83685056e+01	
5.30560546e-01	1.68509549e-01	3.16605017e-03	2.82300316e+01	
5.76696246e-01	1.67589444e-01	3.44135889e-03	2.81042478e+01	
6.22831946e-01	1.66721556e-01	3.71666760e-03	2.79624371e+01	
6.68967645e-01	1.65766276e-01	3.99197631e-03	2.78003196e+01	
7.15103345e-01	1.64798895e-01	4.26728502e-03	2.76285307e+01	
7.61239045e-01	1.63784815e-01	4.54259373e-03	2.74563506e+01	
8.07374744e-01	1.62652459e-01	4.81790244e-03	2.72750405e+01	
8.53510444e-01	1.61495238e-01	5.09321115e-03	2.70764657e+01	
8.99646144e-01	1.60272307e-01	5.36851986e-03	2.68808887e+01	
9.45781843e-01	1.59022972e-01	5.64382857e-03	2.66555485e+01	
9.91917543e-01	1.57661987e-01	5.91913728e-03	2.64320062e+01	
1.03805324e+00	1.56344654e-01	6.19444599e-03	2.62012085e+01	
1.08418894e+00	1.54849107e-01	6.46975470e-03	2.59602302e+01	
1.13032464e+00	1.53414345e-01	6.74506342e-03	2.57099384e+01	
1.17646034e+00	1.51819586e-01	7.02037213e-03	2.54517788e+01	
1.22259604e+00	1.50304561e-01	7.29568084e-03	2.51918723e+01	
1.26873174e+00	1.48666019e-01	7.57098955e-03	2.49199315e+01	
1.31486744e+00	1.47057797e-01	7.84629826e-03	2.46381217e+01	
1.36100314e+00	1.45325648e-01	8.12160697e-03	2.43611389e+01	
1.40713884e+00	1.43573365e-01	8.39691568e-03	2.40727371e+01	
1.45327454e+00	1.41804257e-01	8.67222439e-03	2.37733312e+01	
1.49941024e+00	1.40039883e-01	8.94753310e-03	2.34610448e+01	
1.54554594e+00	1.38207364e-01	9.22284181e-03	2.31605401e+01	
1.59168164e+00	1.36335837e-01	9.49815052e-03	2.28518633e+01	
1.63781734e+00	1.34428366e-01	9.77345924e-03	2.25280785e+01	
1.68395304e+00	1.32527821e-01	1.00487679e-02	2.22012306e+01	
1.73008874e+00	1.30583154e-01	1.03240767e-02	2.18807126e+01	
1.77622444e+00	1.28634534e-01	1.05993854e-02	2.15516865e+01	
1.82236014e+00	1.26633592e-01	1.08746941e-02	2.12154435e+01	
1.86849584e+00	1.24611134e-01	1.11500028e-02	2.08811239e+01	
1.91463154e+00	1.22592104e-01	1.14253115e-02	2.05373996e+01	
1.96076724e+00	1.20533791e-01	1.17006202e-02	2.01973387e+01	
2.00690294e+00	1.18511167e-01	1.19759289e-02	1.98544197e+01	
2.05303864e+00	1.16436970e-01	1.22512376e-02	1.95021418e+01	
2.09917433e+00	1.14365903e-01	1.25265463e-02	1.91552869e+01	
2.14531003e+00	1.12242459e-01	1.28018551e-02	1.88083502e+01	
2.19144573e+00	1.10182286e-01	1.30771638e-02	1.84578119e+01	
2.23758143e+00	1.08100280e-01	1.33524725e-02	1.81003382e+01	
2.28371713e+00	1.05952339e-01	1.36277812e-02	1.77556536e+01	
2.32985283e+00	1.03886260e-01	1.39030899e-02	1.74042151e+01	
2.37598853e+00	1.01818017e-01	1.41783986e-02	1.70481881e+01	
2.42212423e+00	9.96992067e-02	1.44537073e-02	1.67044989e+01	
2.46825993e+00	9.76032532e-02	1.47290160e-02	1.63444843e+01	
2.51439563e+00	9.55440899e-02	1.50043247e-02	1.59957417e+01	
2.56053133e+00	9.34589943e-02	1.52796335e-02	1.56448805e+01	
2.60666703e+00	9.13784268e-02	1.55549422e-02	1.53051704e+01	
2.65280273e+00	8.93254783e-02	1.58302509e-02	1.49599017e+01	
2.69893843e+00	8.73043143e-02	1.61055596e-02	1.46154333e+01	
2.74507413e+00	8.52631957e-02	1.63808683e-02	1.42695454e+01	
2.79120983e+00	8.32140030e-02	1.66561770e-02	1.39348070e+01	
2.83734553e+00	8.12411070e-02	1.69314857e-02	1.35959329e+01	
2.88348123e+00	7.92241968e-02	1.72067944e-02	1.32649612e+01	
2.92961693e+00	7.72364533e-02	1.74821031e-02	1.29372848e+01	
2.97575263e+00	7.52995347e-02	1.77574118e-02	1.26106372e+01	
3.02188833e+00	7.33532044e-02	1.80327206e-02	1.22884699e+01	
3.06802403e+00	7.14455812e-02	1.83080293e-02	1.19620670e+01	
3.11415973e+00	6.95835571e-02	1.85833380e-02	1.16538142e+01	
3.16029543e+00	6.76968505e-02	1.88586467e-02	1.13348422e+01	
3.20643113e+00	6.58903759e-02	1.91339554e-02	1.10266512e+01	
3.25256683e+00	6.40487401e-02	1.94092641e-02	1.07246084e+01	
3.29870253e+00	6.22329181e-02	1.96845728e-02	1.04197921e+01	
3.34483823e+00	6.04724457e-02	1.99598815e-02	1.01243153e+01	
3.39097393e+00	5.87450009e-02	2.02351902e-02	9.83139013e+00	
3.43710963e+00	5.70387199e-02	2.05104990e-02	9.54780734e+00	
3.48324533e+00	5.53482347e-02	2.07858077e-02	9.26051111e+00	
3.52938102e+00	5.37132277e-02	2.10611164e-02	8.98474625e+00	
3.57551672e+00	5.20730933e-02	2.13364251e-02	8.71001829e+00	
3.62165242e+00	5.04692106e-02	2.16117338e-02	8.44340849e+00	
3.66778812e+00	4.89028565e-02	2.18870425e-02	8.17991848e+00	
3.71392382e+00	4.73824334e-02	2.21623512e-02	7.92308748e+00	
3.76005952e+00	4.58512067e-02	2.24376599e-02	7.67283262e+00	
3.80619522e+00	4.43658365e-02	2.27129686e-02	7.42414815e+00	
3.85233092e+00	4.29415598e-02	2.29882774e-02	7.18100122e+00	
3.89846662e+00	4.15270370e-02	2.32635861e-02	6.94377434e+00	
3.94460232e+00	4.01118775e-02	2.35388948e-02	6.70851117e+00	
3.99073802e+00	3.87514173e-02	2.38142035e-02	6.48397800e+00	
4.03687372e+00	3.74235851e-02	2.40895122e-02	6.25963723e+00	
4.08300942e+00	3.61383006e-02	2.43648209e-02	6.04047530e+00	
4.12914512e+00	3.48870326e-02	2.46401296e-02	5.82983222e+00	
4.17528082e+00	3.36783190e-02	2.49154383e-02	5.62708596e+00	
4.22141652e+00	3.24579720e-02	2.51907470e-02	5.42548500e+00	
4.26755222e+00	3.12627479e-02	2.54660558e-02	5.22925415e+00	
4.31368792e+00	3.01331319e-02	2.57413645e-02	5.03836730e+00	
4.35982362e+00	2.90135915e-02	2.60166732e-02	4.84998049e+00	
4.40595932e+00	2.79439413e-02	2.62919819e-02	4.67074419e+00	
4.45209502e+00	2.68686250e-02	2.65672906e-02	4.49700854e+00	
4.49823072e+00	2.58519130e-02	2.68425993e-02	4.32490061e+00	
4.54436642e+00	2.48570997e-02	2.71179080e-02	4.15793804e+00	
4.59050212e+00	2.38936850e-02	2.73932167e-02	3.99622753e+00	
4.63663782e+00	2.29607273e-02	2.76685254e-02	3.83597220e+00	
4.68277352e+00	2.20530551e-02	2.79438342e-02	3.68772556e+00	
4.72890922e+00	2.11795382e-02	2.82191429e-02	3.53683642e+00	
4.77504492e+00	2.03290376e-02	2.84944516e-02	3.39638783e+00	
4.82118062e+00	1.94868380e-02	2.87697603e-02	3.25761748e+00	
4.86731632e+00	1.86903934e-02	2.90450690e-02	3.12516049e+00	
4.91345201e+00	1.79155528e-02	2.93203777e-02	2.99525008e+00	
4.95958771e+00	1.71565215e-02	2.95956864e-02	2.86762971e+00	
5.00572341e+00	1.64333661e-02	2.98709951e-02	2.74699978e+00	
5.05185911e+00	1.57405492e-02	3.01463038e-02	2.63009295e+00	
5.09799481e+00	1.50516202e-02	3.04216125e-02	2.51687346e+00	
5.14413051e+00	1.44008532e-02	3.06969213e-02	2.40741225e+00	
5.19026621e+00	1.37626848e-02	3.09722300e-02	2.29890394e+00	
5.23640191e+00	1.31689404e-02	3.12475387e-02	2.19820733e+00	
5.28253761e+00	1.25786844e-02	3.15228474e-02	2.10182972e+00	
5.32867331e+00	1.20225431e-02	3.17981561e-02	2.00761957e+00	
5.37480901e+00	1.14716682e-02	3.20734648e-02	1.91588789e+00	
5.42094471e+00	1.09484427e-02	3.23487735e-02	1.82898090e+00	
5.46708041e+00	1.04375415e-02	3.26240822e-02	1.74366304e+00	
5.51321611e+00	9.96369819e-03	3.28993909e-02	1.66188383e+00	
5.55935181e+00	9.48379935e-03	3.31746997e-02	1.58420398e+00	
5.60548751e+00	9.03728708e-03	3.34500084e-02	1.50867173e+00	
5.65162321e+00	8.60348527e-03	3.37253171e-02	1.43692273e+00	
5.69775891e+00	8.19447446e-03	3.40006258e-02	1.36744731e+00	
5.74389461e+00	7.80027728e-03	3.42759345e-02	1.30121371e+00	
5.79003031e+00	7.42159480e-03	3.45512432e-02	1.23846767e+00	
5.83616601e+00	7.05102697e-03	3.48265519e-02	1.17892145e+00	
5.88230171e+00	6.70497242e-03	3.51018606e-02	1.11927874e+00	
5.92843741e+00	6.37915369e-03	3.53771693e-02	1.06329216e+00	
5.97457311e+00	6.05278292e-03	3.56524781e-02	1.00942422e+00	
6.02070881e+00	5.74629236e-03	3.59277868e-02	9.59681199e-01	
6.06684451e+00	5.45548923e-03	3.62030955e-02	9.11032970e-01	
6.11298021e+00	5.17637037e-03	3.64784042e-02	8.64304177e-01	
6.15911591e+00	4.90914916e-03	3.67537129e-02	8.18486861e-01	
6.20525161e+00	4.64631717e-03	3.70290216e-02	7.74470364e-01	
6.25138731e+00	4.40655233e-03	3.73043303e-02	7.34521460e-01	
6.29752300e+00	4.16937497e-03	3.75796390e-02	6.95031700e-01	
6.34365870e+00	3.94284215e-03	3.78549477e-02	6.58548791e-01	
6.38979440e+00	3.72960909e-03	3.81302565e-02	6.23031844e-01	
6.43593010e+00	3.52911360e-03	3.84055652e-02	5.90313459e-01	
6.48206580e+00	3.34283228e-03	3.86808739e-02	5.57404380e-01	
6.52820150e+00	3.15999529e-03	3.89561826e-02	5.26439709e-01	
6.57433720e+00	2.98404695e-03	3.92314913e-02	4.96670286e-01	
6.62047290e+00	2.81712090e-03	3.95068000e-02	4.69451978e-01	
6.66660860e+00	2.65982676e-03	3.97821087e-02	4.42818807e-01	
6.71274430e+00	2.51092499e-03	4.00574174e-02	4.18502355e-01	
6.75888000e+00	2.36505436e-03	4.03327261e-02	3.94747771e-01	
6.80501570e+00	2.22892062e-03	4.06080348e-02	3.72143601e-01	
6.85115140e+00	2.10224947e-03	4.08833436e-02	3.50467366e-01	
6.89728710e+00	1.98501379e-03	4.11586523e-02	3.30447227e-01	
6.94342280e+00	1.86955615e-03	4.14339610e-02	3.10444114e-01	
6.98955850e+00	1.75701790e-03	4.17092697e-02	2.92438191e-01	
7.03569420e+00	1.65375594e-03	4.19845784e-02	2.75384607e-01	
7.08182990e+00	1.55902182e-03	4.22598871e-02	2.59104588e-01	
7.12796560e+00	1.46230306e-03	4.25351958e-02	2.43376789e-01	
7.17410130e+00	1.37640836e-03	4.28105045e-02	2.28423689e-01	
7.22023700e+00	1.29227476e-03	4.30858132e-02	2.14785589e-01	
7.26637270e+00	1.21410183e-03	4.33611220e-02	2.02054994e-01	
7.31250840e+00	1.13844865e-03	4.36364307e-02	1.89690465e-01	
7.35864410e+00	1.06866809e-03	4.39117394e-02	1.77745352e-01	
7.40477980e+00	1.00446550e-03	4.41870481e-02	1.66216249e-01	
7.45091550e+00	9.41268780e-04	4.44623568e-02	1.56413617e-01	
7.49705120e+00	8.82881240e-04	4.47376655e-02	1.47185340e-01	
7.54318690e+00	8.25232012e-04	4.50129742e-02	1.37223796e-01	
7.58932260e+00	7.71751870e-04	4.52882829e-02	1.28757164e-01	
7.63545830e+00	7.26325416e-04	4.55635916e-02	1.20488605e-01	
7.68159399e+00	6.76621499e-04	4.58389004e-02	1.12871588e-01	
7.72772969e+00	6.34639367e-04	4.61142091e-02	1.04824939e-01	
7.77386539e+00	5.90479557e-04	4.63895178e-02	9.80552655e-02	
7.82000109e+00	5.52070445e-04	4.66648265e-02	9.21272611e-02	
7.86613679e+00	5.16797462e-04	4.69401352e-02	8.60585057e-02	
7.91227249e+00	4.82083293e-04	4.72154439e-02	8.03575191e-02	
7.95840819e+00	4.51497569e-04	4.74907526e-02	7.49068198e-02	
8.00454389e+00	4.19956783e-04	4.77660613e-02	7.02189006e-02	
8.05067959e+00	3.90898483e-04	4.80413700e-02	6.53187196e-02	
8.09681529e+00	3.64515714e-04	4.83166788e-02	6.07936857e-02	
8.14295099e+00	3.40713647e-04	4.85919875e-02	5.70229188e-02	
8.18908669e+00	3.18479645e-04	4.88672962e-02	5.29087872e-02	
8.23522239e+00	2.93587045e-04	4.91426049e-02	4.92736634e-02	
8.28135809e+00	2.77093581e-04	4.94179136e-02	4.58729356e-02	
8.32749379e+00	2.56180411e-04	4.96932223e-02	4.25681228e-02	
8.37362949e+00	2.38735271e-04	4.99685310e-02	3.97701274e-02	
8.41976519e+00	2.21334158e-04	5.02438397e-02	3.66911974e-02	
8.46590089e+00	2.06371504e-04	5.05191484e-02	3.45850390e-02	
8.51203659e+00	1.92495997e-04	5.07944572e-02	3.19731983e-02	
8.55817229e+00	1.77062585e-04	5.10697659e-02	2.95878079e-02	
8.60430799e+00	1.65171712e-04	5.13450746e-02	2.74952706e-02	
8.65044369e+00	1.52471406e-04	5.16203833e-02	2.55610782e-02	
8.69657939e+00	1.41627038e-04	5.18956920e-02	2.37012343e-02	
8.74271509e+00	1.31768214e-04	5.21710007e-02	2.18657947e-02	
8.78885079e+00	1.22698502e-04	5.24463094e-02	2.02857503e-02	
8.83498649e+00	1.12765170e-04	5.27216181e-02	1.87278400e-02	
8.88112219e+00	1.03522734e-04	5.29969268e-02	1.72857090e-02	
8.92725789e+00	9.57535332e-05	5.32722355e-02	1.60615150e-02	
8.97339359e+00	8.94169272e-05	5.35475443e-02	1.49196151e-02	
9.01952929e+00	8.32564322e-05	5.38228530e-02	1.38827109e-02	
9.06566499e+00	7.59783102e-05	5.40981617e-02	1.27408110e-02	
9.11180068e+00	7.08744806e-05	5.43734704e-02	1.17839306e-02	
9.15793638e+00	6.54522966e-05	5.46487791e-02	1.10001514e-02	
9.20407208e+00	6.03281465e-05	5.49240878e-02	9.85541373e-03	
9.25020778e+00	5.59423076e-05	5.51993965e-02	9.21692595e-03	
9.29634348e+00	5.16682313e-05	5.54747052e-02	8.34801501e-03	
9.34247918e+00	4.74483429e-05	5.57500139e-02	7.83665723e-03	
9.38861488e+00	4.37296934e-05	5.60253227e-02	7.28443624e-03	
9.43475058e+00	4.10372285e-05	5.63006314e-02	6.64992126e-03	
9.48088628e+00	3.67631522e-05	5.65759401e-02	6.23901890e-03	
9.52702198e+00	3.47819045e-05	5.68512488e-02	5.60620656e-03	
9.57315768e+00	3.12393658e-05	5.71265575e-02	5.23673496e-03	
9.61929338e+00	2.91395819e-05	5.74018662e-02	4.79518518e-03	
9.66542908e+00	2.69178751e-05	5.76771749e-02	4.53297953e-03	
9.71156478e+00	2.51974070e-05	5.79524836e-02	4.08575430e-03	
9.75770048e+00	2.30874628e-05	5.82277923e-02	3.77133454e-03	
9.80383618e+00	2.07506065e-05	5.85031011e-02	3.34000057e-03	
9.84997188e+00	1.90132047e-05	5.87784098e-02	3.14533273e-03	
9.89610758e+00	1.78481633e-05	5.90537185e-02	2.86212793e-03	
9.94224328e+00	1.61920434e-05	5.93290272e-02	2.66008201e-03	
9.98837898e+00	1.45528572e-05	5.96043359e-02	2.42738869e-03	
1.00345147e+01	1.36723027e-05	5.98796446e-02	2.20661380e-03	
1.00806504e+01	1.22871226e-05	6.01549533e-02	2.09764522e-03	
1.01267861e+01	1.12880319e-05	6.04302620e-02	1.84849309e-03	
1.01729218e+01	1.03465159e-05	6.07055707e-02	1.66687879e-03	
1.02190575e+01	9.64545901e-06	6.09808795e-02	1.58969271e-03	
1.02651932e+01	8.56169957e-06	6.12561882e-02	1.44156354e-03	
1.03113289e+01	7.86064268e-06	6.15314969e-02	1.25086852e-03	
1.03574646e+01	7.50503412e-06	6.18068056e-02	1.16630436e-03	
1.04036003e+01	6.80736398e-06	6.20821143e-02	1.08287529e-03	
1.04497360e+01	5.91664919e-06	6.23574230e-02	9.59718090e-04	
1.04958717e+01	5.48991891e-06	6.26327317e-02	8.88207457e-04	
1.05420074e+01	5.30026101e-06	6.29080404e-02	8.04778386e-04	
1.05881431e+01	4.58904388e-06	6.31833491e-02	7.56537087e-04	
1.06342788e+01	4.23682206e-06	6.34586578e-02	7.05458063e-04	
1.06804145e+01	3.82363877e-06	6.37339666e-02	6.49271138e-04	
1.07265502e+01	3.26482531e-06	6.40092753e-02	5.88543855e-04	
1.07726859e+01	3.05484692e-06	6.42845840e-02	5.24411304e-04	
1.08188216e+01	2.78390706e-06	6.45598927e-02	4.74467370e-04	
1.08649573e+01	2.56038168e-06	6.48352014e-02	4.01821648e-04	
1.09110930e+01	2.50619370e-06	6.51105101e-02	3.99551470e-04	
1.09572287e+01	2.18445262e-06	6.53858188e-02	3.53012804e-04	
1.10033644e+01	2.01850196e-06	6.56611275e-02	3.47904902e-04	
1.10495001e+01	1.96431398e-06	6.59364362e-02	2.79799538e-04	
1.10956358e+01	1.67644038e-06	6.62117450e-02	2.44611766e-04	
1.11417715e+01	1.56806444e-06	6.64870537e-02	2.55962660e-04	
1.11879072e+01	1.28357759e-06	6.67623624e-02	2.17369621e-04	
1.12340429e+01	1.17858839e-06	6.70376711e-02	2.00343279e-04	
1.12801786e+01	1.06343895e-06	6.73129798e-02	1.86722207e-04	
1.13263143e+01	1.04650521e-06	6.75882885e-02	1.56642337e-04	
1.13724500e+01	9.44902761e-07	6.78635972e-02	1.45858988e-04	
1.14185857e+01	8.29753321e-07	6.81389059e-02	1.27697558e-04	
1.14647214e+01	7.14603880e-07	6.84142146e-02	1.37345818e-04	
1.15108571e+01	7.14603880e-07	6.86895234e-02	1.06698404e-04	