# Polymer initiate rand trotter 64 temp 20.000000 beta 6.013617 monomerMass 0.031250 feder 877.575194
# Thermostat Gaussian dtime 0.001000
# runs 1e+08 warm 1e+07
# velocity 1 relPos 3
# 1.250495e-01 4.022041e+00 3.726178e-23 2.429263e-02 
-1.15108571e+01	6.77349649e-09	-6.86895234e-02	6.24299171e-06	
-1.14647214e+01	2.37072377e-08	-6.84142146e-02	4.54035761e-06	
-1.14185857e+01	1.69337412e-08	-6.81389059e-02	1.70263410e-06	
-1.13724500e+01	2.03204895e-08	-6.78635972e-02	9.08071522e-06	
-1.13263143e+01	3.72542307e-08	-6.75882885e-02	1.07833493e-05	
-1.12801786e+01	2.37072377e-08	-6.73129798e-02	7.37808111e-06	
-1.12340429e+01	4.74144755e-08	-6.70376711e-02	9.08071522e-06	
-1.11879072e+01	3.04807342e-08	-6.67623624e-02	9.08071522e-06	
-1.11417715e+01	6.43482167e-08	-6.64870537e-02	8.51317052e-06	
-1.10956358e+01	6.77349649e-08	-6.62117450e-02	1.75938857e-05	
-1.10495001e+01	5.75747202e-08	-6.59364362e-02	1.75938857e-05	
-1.10033644e+01	6.09614685e-08	-6.56611275e-02	2.44044221e-05	
-1.09572287e+01	7.11217132e-08	-6.53858188e-02	2.55395115e-05	
-1.09110930e+01	8.46687062e-08	-6.51105101e-02	3.40526821e-05	
-1.08649573e+01	1.35469930e-07	-6.48352014e-02	3.51877715e-05	
-1.08188216e+01	1.45630175e-07	-6.45598927e-02	4.37009420e-05	
-1.07726859e+01	1.62563916e-07	-6.42845840e-02	4.76737549e-05	
-1.07265502e+01	1.65950664e-07	-6.40092753e-02	5.50518360e-05	
-1.06804145e+01	1.76110909e-07	-6.37339666e-02	5.84571042e-05	
-1.06342788e+01	2.13365140e-07	-6.34586578e-02	6.52676406e-05	
-1.05881431e+01	2.47232622e-07	-6.31833491e-02	7.77536240e-05	
-1.05420074e+01	2.70939860e-07	-6.29080404e-02	6.75378194e-05	
-1.04958717e+01	3.04807342e-07	-6.26327317e-02	9.47799651e-05	
-1.04497360e+01	3.35288076e-07	-6.23574230e-02	1.02725591e-04	
-1.04036003e+01	3.69155559e-07	-6.20821143e-02	1.23724745e-04	
-1.03574646e+01	4.13183286e-07	-6.18068056e-02	1.35075639e-04	
-1.03113289e+01	5.45266468e-07	-6.15314969e-02	1.56642337e-04	
-1.02651932e+01	5.08012237e-07	-6.12561882e-02	1.62885329e-04	
-1.02190575e+01	6.84123146e-07	-6.09808795e-02	1.85019573e-04	
-1.01729218e+01	7.07830384e-07	-6.07055707e-02	2.13964352e-04	
-1.01267861e+01	9.34742516e-07	-6.04302620e-02	2.15666986e-04	
-1.00806504e+01	9.71996747e-07	-6.01549533e-02	2.55962660e-04	
-1.00345147e+01	1.13456066e-06	-5.98796446e-02	2.78096904e-04	
-9.98837898e+00	1.24971010e-06	-5.96043359e-02	3.29743471e-04	
-9.94224328e+00	1.31744507e-06	-5.93290272e-02	3.50742625e-04	
-9.89610758e+00	1.62563916e-06	-5.90537185e-02	4.12604998e-04	
-9.84997188e+00	1.70014762e-06	-5.87784098e-02	4.71629647e-04	
-9.80383618e+00	1.86271154e-06	-5.85031011e-02	5.32924474e-04	
-9.75770048e+00	2.07946342e-06	-5.82277923e-02	5.69247335e-04	
-9.71156478e+00	2.36056353e-06	-5.79524836e-02	6.64027300e-04	
-9.66542908e+00	2.66875762e-06	-5.76771749e-02	7.33835298e-04	
-9.61929338e+00	2.83132153e-06	-5.74018662e-02	7.97400305e-04	
-9.57315768e+00	3.63736762e-06	-5.71265575e-02	8.91045181e-04	
-9.52702198e+00	3.78977129e-06	-5.68512488e-02	9.66528626e-04	
-9.48088628e+00	4.08780513e-06	-5.65759401e-02	1.09138846e-03	
-9.43475058e+00	4.51453541e-06	-5.63006314e-02	1.19751932e-03	
-9.38861488e+00	5.20543206e-06	-5.60253227e-02	1.34621603e-03	
-9.34247918e+00	5.90310220e-06	-5.57500139e-02	1.41545648e-03	
-9.29634348e+00	6.25871076e-06	-5.54747052e-02	1.60558396e-03	
-9.25020778e+00	7.24086775e-06	-5.51993965e-02	1.84338519e-03	
-9.20407208e+00	7.55922209e-06	-5.49240878e-02	1.93078707e-03	
-9.15793638e+00	8.54476583e-06	-5.46487791e-02	2.17029094e-03	
-9.11180068e+00	9.31694443e-06	-5.43734704e-02	2.43306413e-03	
-9.06566499e+00	1.06919642e-05	-5.40981617e-02	2.56189678e-03	
-9.01952929e+00	1.16707345e-05	-5.38228530e-02	2.84339895e-03	
-8.97339359e+00	1.27511072e-05	-5.35475443e-02	3.16065644e-03	
-8.92725789e+00	1.43496523e-05	-5.32722355e-02	3.47677884e-03	
-8.88112219e+00	1.56670974e-05	-5.29969268e-02	3.78552316e-03	
-8.83498649e+00	1.69235810e-05	-5.27216181e-02	4.14704913e-03	
-8.78885079e+00	1.89691769e-05	-5.24463094e-02	4.59086909e-03	
-8.74271509e+00	2.08826897e-05	-5.21710007e-02	5.00801444e-03	
-8.69657939e+00	2.27352410e-05	-5.18956920e-02	5.49950815e-03	
-8.65044369e+00	2.51770865e-05	-5.16203833e-02	6.04832388e-03	
-8.60430799e+00	2.76765067e-05	-5.13450746e-02	6.51030527e-03	
-8.55817229e+00	3.04671872e-05	-5.10697659e-02	7.08749823e-03	
-8.51203659e+00	3.36744378e-05	-5.07944572e-02	7.74187727e-03	
-8.46590089e+00	3.59909736e-05	-5.05191484e-02	8.47287484e-03	
-8.41976519e+00	3.99941101e-05	-5.02438397e-02	9.20330487e-03	
-8.37362949e+00	4.34485933e-05	-4.99685310e-02	9.90706030e-03	
-8.32749379e+00	4.70419332e-05	-4.96932223e-02	1.09468022e-02	
-8.28135809e+00	5.14717999e-05	-4.94179136e-02	1.19746256e-02	
-8.23522239e+00	5.63487173e-05	-4.91426049e-02	1.29468297e-02	
-8.18908669e+00	6.09174407e-05	-4.88672962e-02	1.40461638e-02	
-8.14295099e+00	6.63125307e-05	-4.85919875e-02	1.52124682e-02	
-8.09681529e+00	7.23104618e-05	-4.83166788e-02	1.64060147e-02	
-8.05067959e+00	7.91483065e-05	-4.80413700e-02	1.80206793e-02	
-8.00454389e+00	8.54882993e-05	-4.77660613e-02	1.93867594e-02	
-7.95840819e+00	9.24379067e-05	-4.74907526e-02	2.11302568e-02	
-7.91227249e+00	1.00352737e-04	-4.72154439e-02	2.26541143e-02	
-7.86613679e+00	1.08430132e-04	-4.69401352e-02	2.47897850e-02	
-7.82000109e+00	1.18316050e-04	-4.66648265e-02	2.63891260e-02	
-7.77386539e+00	1.27294320e-04	-4.63895178e-02	2.86173065e-02	
-7.72772969e+00	1.37969350e-04	-4.61142091e-02	3.06752235e-02	
-7.68159399e+00	1.49260769e-04	-4.58389004e-02	3.33262248e-02	
-7.63545830e+00	1.61520797e-04	-4.55635916e-02	3.59289848e-02	
-7.58932260e+00	1.74387054e-04	-4.52882829e-02	3.87513846e-02	
-7.54318690e+00	1.88059357e-04	-4.50129742e-02	4.13813868e-02	
-7.49705120e+00	2.02029693e-04	-4.47376655e-02	4.47633857e-02	
-7.45091550e+00	2.17859355e-04	-4.44623568e-02	4.80460642e-02	
-7.40477980e+00	2.35091130e-04	-4.41870481e-02	5.14189824e-02	
-7.35864410e+00	2.54229644e-04	-4.39117394e-02	5.53651207e-02	
-7.31250840e+00	2.72623074e-04	-4.36364307e-02	5.94344162e-02	
-7.26637270e+00	2.93644620e-04	-4.33611220e-02	6.36336794e-02	
-7.22023700e+00	3.16484850e-04	-4.30858132e-02	6.87421493e-02	
-7.17410130e+00	3.39365721e-04	-4.28105045e-02	7.28647940e-02	
-7.12796560e+00	3.64376857e-04	-4.25351958e-02	7.84590821e-02	
-7.08182990e+00	3.89381220e-04	-4.22598871e-02	8.42088775e-02	
-7.03569420e+00	4.18480160e-04	-4.19845784e-02	8.94961239e-02	
-6.98955850e+00	4.51294364e-04	-4.17092697e-02	9.60160774e-02	
-6.94342280e+00	4.80721820e-04	-4.14339610e-02	1.02841370e-01	
-6.89728710e+00	5.14562208e-04	-4.11586523e-02	1.09706391e-01	
-6.85115140e+00	5.53028895e-04	-4.08833436e-02	1.17166766e-01	
-6.80501570e+00	5.89473693e-04	-4.06080348e-02	1.24459715e-01	
-6.75888000e+00	6.29599886e-04	-4.03327261e-02	1.33114204e-01	
-6.71274430e+00	6.74555582e-04	-4.00574174e-02	1.42191514e-01	
-6.66660860e+00	7.18661205e-04	-3.97821087e-02	1.50499801e-01	
-6.62047290e+00	7.70492000e-04	-3.95068000e-02	1.60842168e-01	
-6.57433720e+00	8.23304952e-04	-3.92314913e-02	1.71232209e-01	
-6.52820150e+00	8.77492924e-04	-3.89561826e-02	1.81756191e-01	
-6.48206580e+00	9.33201546e-04	-3.86808739e-02	1.93479961e-01	
-6.43593010e+00	9.91633113e-04	-3.84055652e-02	2.05882516e-01	
-6.38979440e+00	1.05396621e-03	-3.81302565e-02	2.18430929e-01	
-6.34365870e+00	1.12236498e-03	-3.78549477e-02	2.32004328e-01	
-6.29752300e+00	1.19725953e-03	-3.75796390e-02	2.46216215e-01	
-6.25138731e+00	1.26949210e-03	-3.73043303e-02	2.61528004e-01	
-6.20525161e+00	1.35264354e-03	-3.70290216e-02	2.77380095e-01	
-6.15911591e+00	1.43998778e-03	-3.67537129e-02	2.93025032e-01	
-6.11298021e+00	1.52306133e-03	-3.64784042e-02	3.11276134e-01	
-6.06684451e+00	1.61646446e-03	-3.62030955e-02	3.28882506e-01	
-6.02070881e+00	1.71312903e-03	-3.59277868e-02	3.47251658e-01	
-5.97457311e+00	1.81887347e-03	-3.56524781e-02	3.68285432e-01	
-5.92843741e+00	1.92789967e-03	-3.53771693e-02	3.88829983e-01	
-5.88230171e+00	2.03950657e-03	-3.51018606e-02	4.10759910e-01	
-5.83616601e+00	2.15920441e-03	-3.48265519e-02	4.33939003e-01	
-5.79003031e+00	2.28752153e-03	-3.45512432e-02	4.59068747e-01	
-5.74389461e+00	2.42539266e-03	-3.42759345e-02	4.84780225e-01	
-5.69775891e+00	2.55964675e-03	-3.40006258e-02	5.11039383e-01	
-5.65162321e+00	2.70521935e-03	-3.37253171e-02	5.39034661e-01	
-5.60548751e+00	2.86506032e-03	-3.34500084e-02	5.68783084e-01	
-5.55935181e+00	3.02266942e-03	-3.31746997e-02	5.99732431e-01	
-5.51321611e+00	3.19350039e-03	-3.28993909e-02	6.32580783e-01	
-5.46708041e+00	3.37129452e-03	-3.26240822e-02	6.65463188e-01	
-5.42094471e+00	3.54733769e-03	-3.23487735e-02	7.00612934e-01	
-5.37480901e+00	3.75340100e-03	-3.20734648e-02	7.38184394e-01	
-5.32867331e+00	3.96199082e-03	-3.17981561e-02	7.77536808e-01	
-5.28253761e+00	4.17942006e-03	-3.15228474e-02	8.18651449e-01	
-5.23640191e+00	4.39636161e-03	-3.12475387e-02	8.61369971e-01	
-5.19026621e+00	4.63971640e-03	-3.09722300e-02	9.08780385e-01	
-5.14413051e+00	4.89162274e-03	-3.06969213e-02	9.55064223e-01	
-5.09799481e+00	5.16015462e-03	-3.04216125e-02	1.00867450e+00	
-5.05185911e+00	5.46587977e-03	-3.01463038e-02	1.06375130e+00	
-5.00572341e+00	5.78317405e-03	-2.98709951e-02	1.13107516e+00	
-4.95958771e+00	6.17519694e-03	-2.95956864e-02	1.20911199e+00	
-4.91345201e+00	6.60280100e-03	-2.93203777e-02	1.30334484e+00	
-4.86731632e+00	7.13260357e-03	-2.90450690e-02	1.41527374e+00	
-4.82118062e+00	7.75790567e-03	-2.87697603e-02	1.54913767e+00	
-4.77504492e+00	8.51161634e-03	-2.84944516e-02	1.70542359e+00	
-4.72890922e+00	9.40296106e-03	-2.82191429e-02	1.88443967e+00	
-4.68277352e+00	1.04316215e-02	-2.79438342e-02	2.09343233e+00	
-4.63663782e+00	1.16179486e-02	-2.76685254e-02	2.32891684e+00	
-4.59050212e+00	1.29502750e-02	-2.73932167e-02	2.59522244e+00	
-4.54436642e+00	1.44692181e-02	-2.71179080e-02	2.88381835e+00	
-4.49823072e+00	1.61675775e-02	-2.68425993e-02	3.19775797e+00	
-4.45209502e+00	1.79930416e-02	-2.65672906e-02	3.53444876e+00	
-4.40595932e+00	1.99718610e-02	-2.62919819e-02	3.89010405e+00	
-4.35982362e+00	2.20640078e-02	-2.60166732e-02	4.26543214e+00	
-4.31368792e+00	2.42280316e-02	-2.57413645e-02	4.64844933e+00	
-4.26755222e+00	2.64773709e-02	-2.54660558e-02	5.03560733e+00	
-4.22141652e+00	2.87786460e-02	-2.51907470e-02	5.41400357e+00	
-4.17528082e+00	3.10659440e-02	-2.49154383e-02	5.79332094e+00	
-4.12914512e+00	3.33777147e-02	-2.46401296e-02	6.16923871e+00	
-4.08300942e+00	3.56746852e-02	-2.43648209e-02	6.56104149e+00	
-4.03687372e+00	3.80498964e-02	-2.40895122e-02	6.96574343e+00	
-3.99073802e+00	4.04808704e-02	-2.38142035e-02	7.39223454e+00	
-3.94460232e+00	4.29979017e-02	-2.35388948e-02	7.84588040e+00	
-3.89846662e+00	4.56914267e-02	-2.32635861e-02	8.31748110e+00	
-3.85233092e+00	4.85427842e-02	-2.29882774e-02	8.81547036e+00	
-3.80619522e+00	5.15838877e-02	-2.27129686e-02	9.34621944e+00	
-3.76005952e+00	5.48153671e-02	-2.24376599e-02	9.90123616e+00	
-3.71392382e+00	5.81973061e-02	-2.21623512e-02	1.04960605e+01	
-3.66778812e+00	6.17705118e-02	-2.18870425e-02	1.11149407e+01	
-3.62165242e+00	6.55271912e-02	-2.16117338e-02	1.17556811e+01	
-3.57551672e+00	6.94433559e-02	-2.13364251e-02	1.24164274e+01	
-3.52938102e+00	7.34302969e-02	-2.10611164e-02	1.30700942e+01	
-3.48324533e+00	7.73611940e-02	-2.07858077e-02	1.37156530e+01	
-3.43710963e+00	8.11928865e-02	-2.05104990e-02	1.43424675e+01	
-3.39097393e+00	8.48681687e-02	-2.02351902e-02	1.49318928e+01	
-3.34483823e+00	8.83648440e-02	-1.99598815e-02	1.54846314e+01	
-3.29870253e+00	9.17213148e-02	-1.96845728e-02	1.60343194e+01	
-3.25256683e+00	9.51673616e-02	-1.94092641e-02	1.65990747e+01	
-3.20643113e+00	9.87448041e-02	-1.91339554e-02	1.72029286e+01	
-3.16029543e+00	1.02571369e-01	-1.88586467e-02	1.78587339e+01	
-3.11415973e+00	1.06534464e-01	-1.85833380e-02	1.85517621e+01	
-3.06802403e+00	1.10576467e-01	-1.83080293e-02	1.92192810e+01	
-3.02188833e+00	1.14525334e-01	-1.80327206e-02	1.98451159e+01	
-2.97575263e+00	1.18380219e-01	-1.77574118e-02	2.04170778e+01	
-2.92961693e+00	1.21834600e-01	-1.74821031e-02	2.09046402e+01	
-2.88348123e+00	1.24781657e-01	-1.72067944e-02	2.13061479e+01	
-2.83734553e+00	1.27200649e-01	-1.69314857e-02	2.16283839e+01	
-2.79120983e+00	1.28976182e-01	-1.66561770e-02	2.18507951e+01	
-2.74507413e+00	1.30447697e-01	-1.63808683e-02	2.20187236e+01	
-2.69893843e+00	1.31580785e-01	-1.61055596e-02	2.21534031e+01	
-2.65280273e+00	1.32598699e-01	-1.58302509e-02	2.22704387e+01	
-2.60666703e+00	1.33443859e-01	-1.55549422e-02	2.23862128e+01	
-2.56053133e+00	1.34128476e-01	-1.52796335e-02	2.24885768e+01	
-2.51439563e+00	1.34719288e-01	-1.50043247e-02	2.25702420e+01	
-2.46825993e+00	1.35099504e-01	-1.47290160e-02	2.26293256e+01	
-2.42212423e+00	1.35387510e-01	-1.44537073e-02	2.26715192e+01	
-2.37598853e+00	1.35598599e-01	-1.41783986e-02	2.26996762e+01	
-2.32985283e+00	1.35680349e-01	-1.39030899e-02	2.27154454e+01	
-2.28371713e+00	1.35811731e-01	-1.36277812e-02	2.27370757e+01	
-2.23758143e+00	1.35944461e-01	-1.33524725e-02	2.27708991e+01	
-2.19144573e+00	1.36095686e-01	-1.30771638e-02	2.27985635e+01	
-2.14531003e+00	1.36300398e-01	-1.28018551e-02	2.28349335e+01	
-2.09917433e+00	1.36518410e-01	-1.25265463e-02	2.28707387e+01	
-2.05303864e+00	1.36814252e-01	-1.22512376e-02	2.28899172e+01	
-2.00690294e+00	1.37028017e-01	-1.19759289e-02	2.29088318e+01	
-1.96076724e+00	1.37121403e-01	-1.17006202e-02	2.29248984e+01	
-1.91463154e+00	1.37197954e-01	-1.14253115e-02	2.29149085e+01	
-1.86849584e+00	1.37108547e-01	-1.11500028e-02	2.28887151e+01	
-1.82236014e+00	1.36895842e-01	-1.08746941e-02	2.28485307e+01	
-1.77622444e+00	1.36578148e-01	-1.05993854e-02	2.27755127e+01	
-1.73008874e+00	1.36121151e-01	-1.03240767e-02	2.26913134e+01	
-1.68395304e+00	1.35581642e-01	-1.00487679e-02	2.25962576e+01	
-1.63781734e+00	1.34945082e-01	-9.77345924e-03	2.24808003e+01	
-1.59168164e+00	1.34162022e-01	-9.49815052e-03	2.23621239e+01	
-1.54554594e+00	1.33368192e-01	-9.22284181e-03	2.22389497e+01	
-1.49941024e+00	1.32591394e-01	-8.94753310e-03	2.21183873e+01	
-1.45327454e+00	1.31805502e-01	-8.67222439e-03	2.20070850e+01	
-1.40713884e+00	1.31108059e-01	-8.39691568e-03	2.18946027e+01	
-1.36100314e+00	1.30479773e-01	-8.12160697e-03	2.17999572e+01	
-1.31486744e+00	1.29938029e-01	-7.84629826e-03	2.17194289e+01	
-1.26873174e+00	1.29539520e-01	-7.57098955e-03	2.16492418e+01	
-1.22259604e+00	1.29164065e-01	-7.29568084e-03	2.15852483e+01	
-1.17646034e+00	1.28925395e-01	-7.02037213e-03	2.15433782e+01	
-1.13032464e+00	1.28678013e-01	-6.74506342e-03	2.15048578e+01	
-1.08418894e+00	1.28534757e-01	-6.46975470e-03	2.14794489e+01	
-1.03805324e+00	1.28402277e-01	-6.19444599e-03	2.14542351e+01	
-9.91917543e-01	1.28335010e-01	-5.91913728e-03	2.14317388e+01	
-9.45781843e-01	1.28252204e-01	-5.64382857e-03	2.14052350e+01	
-8.99646144e-01	1.28201958e-01	-5.36851986e-03	2.14022616e+01	
-8.53510444e-01	1.28212545e-01	-5.09321115e-03	2.14013252e+01	
-8.07374744e-01	1.28168250e-01	-4.81790244e-03	2.13920067e+01	
-7.61239045e-01	1.28229252e-01	-4.54259373e-03	2.13883352e+01	
-7.15103345e-01	1.28237854e-01	-4.26728502e-03	2.13813079e+01	
-6.68967645e-01	1.28275078e-01	-3.99197631e-03	2.13834441e+01	
-6.22831946e-01	1.28311025e-01	-3.71666760e-03	2.13888648e+01	
-5.76696246e-01	1.28351215e-01	-3.44135889e-03	2.13826592e+01	
-5.30560546e-01	1.28432589e-01	-3.16605017e-03	2.13862535e+01	
-4.84424847e-01	1.28460076e-01	-2.89074146e-03	2.13833482e+01	
-4.38289147e-01	1.28527113e-01	-2.61543275e-03	2.13915532e+01	
-3.92153447e-01	1.28608896e-01	-2.34012404e-03	2.13914806e+01	
-3.46017748e-01	1.28691601e-01	-2.06481533e-03	2.14011493e+01	
-2.99882048e-01	1.28725834e-01	-1.78950662e-03	2.13964403e+01	
-2.53746348e-01	1.28811017e-01	-1.51419791e-03	2.14025829e+01	
-2.07610649e-01	1.28858520e-01	-1.23888920e-03	2.14071142e+01	
-1.61474949e-01	1.28919986e-01	-9.63580488e-04	2.14118231e+01	
-1.15339249e-01	1.29010666e-01	-6.88271777e-04	2.14043355e+01	
-6.92035495e-02	1.29028602e-01	-4.12963066e-04	2.14066357e+01	
-2.30678498e-02	1.29114646e-01	-1.37654355e-04	2.14063196e+01	
2.30678498e-02	1.29147829e-01	1.37654355e-04	2.14098049e+01	
6.92035495e-02	1.29224895e-01	4.12963066e-04	2.14121080e+01	
1.15339249e-01	1.29251599e-01	6.88271777e-04	2.14113634e+01	
1.61474949e-01	1.29303640e-01	9.63580488e-04	2.14006816e+01	
2.07610649e-01	1.29368849e-01	1.23888920e-03	2.14071096e+01	
2.53746348e-01	1.29417845e-01	1.51419791e-03	2.14055301e+01	
2.99882048e-01	1.29448769e-01	1.78950662e-03	2.14021907e+01	
3.46017748e-01	1.29525079e-01	2.06481533e-03	2.13955595e+01	
3.92153447e-01	1.29571186e-01	2.34012404e-03	2.13970487e+01	
4.38289147e-01	1.29552214e-01	2.61543275e-03	2.13926298e+01	
4.84424847e-01	1.29581015e-01	2.89074146e-03	2.13938081e+01	
5.30560546e-01	1.29654145e-01	3.16605017e-03	2.13886536e+01	
5.76696246e-01	1.29709786e-01	3.44135889e-03	2.13850202e+01	
6.22831946e-01	1.29814541e-01	3.71666760e-03	2.13825616e+01	
6.68967645e-01	1.29839434e-01	3.99197631e-03	2.13832818e+01	
7.15103345e-01	1.29870633e-01	4.26728502e-03	2.13803669e+01	
7.61239045e-01	1.29964540e-01	4.54259373e-03	2.13910572e+01	
8.07374744e-01	1.30017997e-01	4.81790244e-03	2.13913080e+01	
8.53510444e-01	1.30069066e-01	5.09321115e-03	2.13972621e+01	
8.99646144e-01	1.30222072e-01	5.36851986e-03	2.14064490e+01	
9.45781843e-01	1.30322045e-01	5.64382857e-03	2.14170297e+01	
9.91917543e-01	1.30498167e-01	5.91913728e-03	2.14347280e+01	
1.03805324e+00	1.30675083e-01	6.19444599e-03	2.14476505e+01	
1.08418894e+00	1.30898815e-01	6.46975470e-03	2.14785345e+01	
1.13032464e+00	1.31126981e-01	6.74506342e-03	2.14988067e+01	
1.17646034e+00	1.31429109e-01	7.02037213e-03	2.15391739e+01	
1.22259604e+00	1.31731383e-01	7.29568084e-03	2.15881110e+01	
1.26873174e+00	1.32180835e-01	7.57098955e-03	2.16389272e+01	
1.31486744e+00	1.32686778e-01	7.84629826e-03	2.17208330e+01	
1.36100314e+00	1.33306170e-01	8.12160697e-03	2.18013477e+01	
1.40713884e+00	1.33973546e-01	8.39691568e-03	2.18919619e+01	
1.45327454e+00	1.34751042e-01	8.67222439e-03	2.20018499e+01	
1.49941024e+00	1.35550325e-01	8.94753310e-03	2.21218408e+01	
1.54554594e+00	1.36434601e-01	9.22284181e-03	2.22434582e+01	
1.59168164e+00	1.37234270e-01	9.49815052e-03	2.23658759e+01	
1.63781734e+00	1.38049501e-01	9.77345924e-03	2.24863577e+01	
1.68395304e+00	1.38770963e-01	1.00487679e-02	2.25990664e+01	
1.73008874e+00	1.39375311e-01	1.03240767e-02	2.26928685e+01	
1.77622444e+00	1.39850523e-01	1.05993854e-02	2.27813255e+01	
1.82236014e+00	1.40252330e-01	1.08746941e-02	2.28408654e+01	
1.86849584e+00	1.40447359e-01	1.11500028e-02	2.28901289e+01	
1.91463154e+00	1.40589708e-01	1.14253115e-02	2.29096592e+01	
1.96076724e+00	1.40564625e-01	1.17006202e-02	2.29212610e+01	
2.00690294e+00	1.40507078e-01	1.19759289e-02	2.29095366e+01	
2.05303864e+00	1.40322138e-01	1.22512376e-02	2.28994559e+01	
2.09917433e+00	1.40056827e-01	1.25265463e-02	2.28651405e+01	
2.14531003e+00	1.39830185e-01	1.28018551e-02	2.28382939e+01	
2.19144573e+00	1.39655013e-01	1.30771638e-02	2.28072452e+01	
2.23758143e+00	1.39492232e-01	1.33524725e-02	2.27655080e+01	
2.28371713e+00	1.39405182e-01	1.36277812e-02	2.27368839e+01	
2.32985283e+00	1.39321008e-01	1.39030899e-02	2.27181390e+01	
2.37598853e+00	1.39166677e-01	1.41783986e-02	2.26902470e+01	
2.42212423e+00	1.39006393e-01	1.44537073e-02	2.26702791e+01	
2.46825993e+00	1.38716023e-01	1.47290160e-02	2.26275821e+01	
2.51439563e+00	1.38269477e-01	1.50043247e-02	2.25726864e+01	
2.56053133e+00	1.37753547e-01	1.52796335e-02	2.24921211e+01	
2.60666703e+00	1.37087678e-01	1.55549422e-02	2.23909472e+01	
2.65280273e+00	1.36170780e-01	1.58302509e-02	2.22649705e+01	
2.69893843e+00	1.35246201e-01	1.61055596e-02	2.21527862e+01	
2.74507413e+00	1.34059955e-01	1.63808683e-02	2.20244410e+01	
2.79120983e+00	1.32542906e-01	1.66561770e-02	2.18508972e+01	
2.83734553e+00	1.30753626e-01	1.69314857e-02	2.16250411e+01	
2.88348123e+00	1.28313277e-01	1.72067944e-02	2.13001893e+01	
2.92961693e+00	1.25343952e-01	1.74821031e-02	2.09048127e+01	
2.97575263e+00	1.21840273e-01	1.77574118e-02	2.04168633e+01	
3.02188833e+00	1.18055247e-01	1.80327206e-02	1.98414973e+01	
3.06802403e+00	1.13993570e-01	1.83080293e-02	1.92217572e+01	
3.11415973e+00	1.09906388e-01	1.85833380e-02	1.85500039e+01	
3.16029543e+00	1.05928229e-01	1.88586467e-02	1.78655285e+01	
3.20643113e+00	1.02072471e-01	1.91339554e-02	1.72082244e+01	
3.25256683e+00	9.84642696e-02	1.94092641e-02	1.65917919e+01	
3.29870253e+00	9.50065351e-02	1.96845728e-02	1.60380204e+01	
3.34483823e+00	9.15386471e-02	1.99598815e-02	1.54859367e+01	
3.39097393e+00	8.79983064e-02	2.02351902e-02	1.49303320e+01	
3.43710963e+00	8.43163760e-02	2.05104990e-02	1.43398943e+01	
3.48324533e+00	8.04330492e-02	2.07858077e-02	1.37187246e+01	
3.52938102e+00	7.64334587e-02	2.10611164e-02	1.30747384e+01	
3.57551672e+00	7.24106249e-02	2.13364251e-02	1.24139790e+01	
3.62165242e+00	6.84998112e-02	2.16117338e-02	1.17556096e+01	
3.66778812e+00	6.46604817e-02	2.18870425e-02	1.11122733e+01	
3.71392382e+00	6.10490938e-02	2.21623512e-02	1.04952432e+01	
3.76005952e+00	5.75657894e-02	2.24376599e-02	9.90164933e+00	
3.80619522e+00	5.42973470e-02	2.27129686e-02	9.34340896e+00	
3.85233092e+00	5.12072135e-02	2.29882774e-02	8.81800559e+00	
3.89846662e+00	4.83098504e-02	2.32635861e-02	8.31637950e+00	
3.94460232e+00	4.55753154e-02	2.35388948e-02	7.83972935e+00	
3.99073802e+00	4.29557740e-02	2.38142035e-02	7.38904608e+00	
4.03687372e+00	4.05053058e-02	2.40895122e-02	6.96638532e+00	
4.08300942e+00	3.80910725e-02	2.43648209e-02	6.56406253e+00	
4.12914512e+00	3.57374044e-02	2.46401296e-02	6.16976482e+00	
4.17528082e+00	3.33535637e-02	2.49154383e-02	5.79284647e+00	
4.22141652e+00	3.10087249e-02	2.51907470e-02	5.41391957e+00	
4.26755222e+00	2.86520324e-02	2.54660558e-02	5.03412093e+00	
4.31368792e+00	2.63712573e-02	2.57413645e-02	4.64975866e+00	
4.35982362e+00	2.41197741e-02	2.60166732e-02	4.26700595e+00	
4.40595932e+00	2.19671637e-02	2.62919819e-02	3.89037534e+00	
4.45209502e+00	1.99511714e-02	2.65672906e-02	3.53215758e+00	
4.49823072e+00	1.80606614e-02	2.68425993e-02	3.19584535e+00	
4.54436642e+00	1.63333758e-02	2.71179080e-02	2.88502665e+00	
4.59050212e+00	1.47598451e-02	2.73932167e-02	2.59451982e+00	
4.63663782e+00	1.33520518e-02	2.76685254e-02	2.32962798e+00	
4.68277352e+00	1.21079230e-02	2.79438342e-02	2.09495959e+00	
4.72890922e+00	1.10226802e-02	2.82191429e-02	1.88513548e+00	
4.77504492e+00	1.00812725e-02	2.84944516e-02	1.70386738e+00	
4.82118062e+00	9.27744140e-03	2.87697603e-02	1.55211387e+00	
4.86731632e+00	8.59135055e-03	2.90450690e-02	1.41568634e+00	
4.91345201e+00	8.02246829e-03	2.93203777e-02	1.30290045e+00	
4.95958771e+00	7.53731660e-03	2.95956864e-02	1.20855125e+00	
5.00572341e+00	7.10611920e-03	2.98709951e-02	1.12984415e+00	
5.05185911e+00	6.73672996e-03	3.01463038e-02	1.06427628e+00	
5.09799481e+00	6.39191157e-03	3.04216125e-02	1.00688446e+00	
5.14413051e+00	6.08312819e-03	3.06969213e-02	9.55645956e-01	
5.19026621e+00	5.78814919e-03	3.09722300e-02	9.07188422e-01	
5.23640191e+00	5.50600596e-03	3.12475387e-02	8.62623677e-01	
5.28253761e+00	5.23436505e-03	3.15228474e-02	8.19457362e-01	
5.32867331e+00	4.98239775e-03	3.17981561e-02	7.78358045e-01	
5.37480901e+00	4.73751214e-03	3.20734648e-02	7.37467585e-01	
5.42094471e+00	4.50567568e-03	3.23487735e-02	7.01805346e-01	
5.46708041e+00	4.27363601e-03	3.26240822e-02	6.66941642e-01	
5.51321611e+00	4.06391840e-03	3.28993909e-02	6.31344671e-01	
5.55935181e+00	3.86163809e-03	3.31746997e-02	5.99740377e-01	
5.60548751e+00	3.66506783e-03	3.34500084e-02	5.68751869e-01	
5.65162321e+00	3.47807869e-03	3.37253171e-02	5.40106185e-01	
5.69775891e+00	3.29811027e-03	3.40006258e-02	5.12034856e-01	
5.74389461e+00	3.12261914e-03	3.42759345e-02	4.84528803e-01	
5.79003031e+00	2.96067500e-03	3.45512432e-02	4.58694735e-01	
5.83616601e+00	2.80547726e-03	3.48265519e-02	4.34307907e-01	
5.88230171e+00	2.65342581e-03	3.51018606e-02	4.11089653e-01	
5.92843741e+00	2.51621848e-03	3.53771693e-02	3.89053595e-01	
5.97457311e+00	2.37775805e-03	3.56524781e-02	3.67859773e-01	
6.02070881e+00	2.25440252e-03	3.59277868e-02	3.48320912e-01	
6.06684451e+00	2.13445067e-03	3.62030955e-02	3.28697486e-01	
6.11298021e+00	2.01154219e-03	3.64784042e-02	3.10445816e-01	
6.15911591e+00	1.90073456e-03	3.67537129e-02	2.93292345e-01	
6.20525161e+00	1.79177271e-03	3.70290216e-02	2.76412998e-01	
6.25138731e+00	1.69623931e-03	3.73043303e-02	2.59851476e-01	
6.29752300e+00	1.59489426e-03	3.75796390e-02	2.46052195e-01	
6.34365870e+00	1.50858637e-03	3.78549477e-02	2.32281858e-01	
6.38979440e+00	1.41966052e-03	3.81302565e-02	2.17718093e-01	
6.43593010e+00	1.33556078e-03	3.84055652e-02	2.05620878e-01	
6.48206580e+00	1.25908124e-03	3.86808739e-02	1.93500961e-01	
6.52820150e+00	1.18643210e-03	3.89561826e-02	1.82495134e-01	
6.57433720e+00	1.11771159e-03	3.92314913e-02	1.71199859e-01	
6.62047290e+00	1.05122972e-03	3.95068000e-02	1.60826277e-01	
6.66660860e+00	9.83267845e-04	3.97821087e-02	1.50947594e-01	
6.71274430e+00	9.23701717e-04	4.00574174e-02	1.41726695e-01	
6.75888000e+00	8.70004824e-04	4.03327261e-02	1.33147122e-01	
6.80501570e+00	8.13131160e-04	4.06080348e-02	1.24641330e-01	
6.85115140e+00	7.60196285e-04	4.08833436e-02	1.16861994e-01	
6.89728710e+00	7.14624201e-04	4.11586523e-02	1.10223424e-01	
6.94342280e+00	6.70643888e-04	4.14339610e-02	1.02646702e-01	
6.98955850e+00	6.26683896e-04	4.17092697e-02	9.58974606e-02	
7.03569420e+00	5.89212913e-04	4.19845784e-02	9.00250756e-02	
7.08182990e+00	5.48744658e-04	4.22598871e-02	8.41322589e-02	
7.12796560e+00	5.13586825e-04	4.25351958e-02	7.82581713e-02	
7.17410130e+00	4.79380667e-04	4.28105045e-02	7.33483421e-02	
7.22023700e+00	4.47890682e-04	4.30858132e-02	6.85582648e-02	
7.26637270e+00	4.18598697e-04	4.33611220e-02	6.37284594e-02	
7.31250840e+00	3.90146625e-04	4.36364307e-02	5.95019540e-02	
7.35864410e+00	3.61460867e-04	4.39117394e-02	5.55722745e-02	
7.40477980e+00	3.37215136e-04	4.41870481e-02	5.16250011e-02	
7.45091550e+00	3.14435868e-04	4.44623568e-02	4.78241542e-02	
7.49705120e+00	2.92344109e-04	4.47376655e-02	4.46640653e-02	
7.54318690e+00	2.72338587e-04	4.50129742e-02	4.18042076e-02	
7.58932260e+00	2.53460852e-04	4.52882829e-02	3.85033676e-02	
7.63545830e+00	2.34471355e-04	4.55635916e-02	3.60107113e-02	
7.68159399e+00	2.17480039e-04	4.58389004e-02	3.32808213e-02	
7.72772969e+00	2.01287995e-04	4.61142091e-02	3.08097316e-02	
7.77386539e+00	1.87703748e-04	4.63895178e-02	2.86621425e-02	
7.82000109e+00	1.75105045e-04	4.66648265e-02	2.66405483e-02	
7.86613679e+00	1.59553097e-04	4.69401352e-02	2.44555012e-02	
7.91227249e+00	1.49372531e-04	4.72154439e-02	2.27347056e-02	
7.95840819e+00	1.37569714e-04	4.74907526e-02	2.11472831e-02	
8.00454389e+00	1.27135142e-04	4.77660613e-02	1.94332981e-02	
8.05067959e+00	1.17818198e-04	4.80413700e-02	1.79764109e-02	
8.09681529e+00	1.08982172e-04	4.83166788e-02	1.65745755e-02	
8.14295099e+00	1.00427246e-04	4.85919875e-02	1.51965769e-02	
8.18908669e+00	9.26817525e-05	4.88672962e-02	1.39786260e-02	
8.23522239e+00	8.46856399e-05	4.91426049e-02	1.26732732e-02	
8.28135809e+00	7.88976872e-05	4.94179136e-02	1.18985747e-02	
8.32749379e+00	7.19480798e-05	4.96932223e-02	1.08951556e-02	
8.37362949e+00	6.70271346e-05	4.99685310e-02	9.96949022e-03	
8.41976519e+00	6.07006888e-05	5.02438397e-02	9.24587073e-03	
8.46590089e+00	5.57357159e-05	5.05191484e-02	8.33439394e-03	
8.51203659e+00	5.09231466e-05	5.07944572e-02	7.79465892e-03	
8.55817229e+00	4.64661860e-05	5.10697659e-02	7.12779390e-03	
8.60430799e+00	4.31133052e-05	5.13450746e-02	6.57046500e-03	
8.65044369e+00	3.95368990e-05	5.16203833e-02	6.03470281e-03	
8.69657939e+00	3.61806315e-05	5.18956920e-02	5.40302555e-03	
8.74271509e+00	3.27600158e-05	5.21710007e-02	4.91493711e-03	
8.78885079e+00	3.07042596e-05	5.24463094e-02	4.49211631e-03	
8.83498649e+00	2.77814959e-05	5.27216181e-02	4.17712900e-03	
8.88112219e+00	2.53938384e-05	5.29969268e-02	3.85760133e-03	
8.92725789e+00	2.29215121e-05	5.32722355e-02	3.45521214e-03	
8.97339359e+00	2.06422306e-05	5.35475443e-02	3.09822652e-03	
9.01952929e+00	1.92197963e-05	5.38228530e-02	2.92172012e-03	
9.06566499e+00	1.76788259e-05	5.40981617e-02	2.63738023e-03	
9.11180068e+00	1.61039879e-05	5.43734704e-02	2.35077015e-03	
9.15793638e+00	1.43869066e-05	5.46487791e-02	2.15496723e-03	
9.20407208e+00	1.31609037e-05	5.49240878e-02	1.98300119e-03	
9.25020778e+00	1.18536189e-05	5.51993965e-02	1.82181849e-03	
9.29634348e+00	1.07698594e-05	5.54747052e-02	1.58912516e-03	
9.34247918e+00	9.78431569e-06	5.57500139e-02	1.48696712e-03	
9.38861488e+00	8.81231894e-06	5.60253227e-02	1.35699938e-03	
9.43475058e+00	8.05030058e-06	5.63006314e-02	1.21965356e-03	
9.48088628e+00	7.00718212e-06	5.65759401e-02	1.08401038e-03	
9.52702198e+00	6.29257824e-06	5.68512488e-02	9.75609341e-04	
9.57315768e+00	5.90987569e-06	5.71265575e-02	8.71748661e-04	
9.61929338e+00	4.77531503e-06	5.74018662e-02	7.57672176e-04	
9.66542908e+00	4.84304999e-06	5.76771749e-02	7.34402843e-04	
9.71156478e+00	4.16570034e-06	5.79524836e-02	6.20893903e-04	
9.75770048e+00	3.83718576e-06	5.82277923e-02	5.96489481e-04	
9.80383618e+00	3.52560493e-06	5.85031011e-02	5.38032377e-04	
9.84997188e+00	3.03452643e-06	5.87784098e-02	4.33036607e-04	
9.89610758e+00	2.57392867e-06	5.90537185e-02	4.25090981e-04	
9.94224328e+00	2.46893947e-06	5.93290272e-02	3.83660218e-04	
9.98837898e+00	2.16413213e-06	5.96043359e-02	3.37689097e-04	
1.00345147e+01	1.82545731e-06	5.98796446e-02	2.76394269e-04	
1.00806504e+01	1.75772234e-06	6.01549533e-02	2.51422303e-04	
1.01267861e+01	1.55451745e-06	6.04302620e-02	2.09423995e-04	
1.01729218e+01	1.51726321e-06	6.07055707e-02	2.20207344e-04	
1.02190575e+01	1.17858839e-06	6.09808795e-02	1.78776581e-04	
1.02651932e+01	1.05327870e-06	6.12561882e-02	1.76506402e-04	
1.03113289e+01	1.03295822e-06	6.15314969e-02	1.40183541e-04	
1.03574646e+01	8.36526817e-07	6.18068056e-02	1.32237915e-04	
1.04036003e+01	7.55244859e-07	6.20821143e-02	1.07265949e-04	
1.04497360e+01	6.77349649e-07	6.23574230e-02	9.42124204e-05	
1.04958717e+01	5.31719475e-07	6.26327317e-02	9.19422416e-05	
1.05420074e+01	5.62200209e-07	6.29080404e-02	8.39966158e-05	
1.05881431e+01	5.08012237e-07	6.31833491e-02	6.86729088e-05	
1.06342788e+01	4.36890524e-07	6.34586578e-02	6.41325512e-05	
1.06804145e+01	3.69155559e-07	6.37339666e-02	7.54834452e-05	
1.07265502e+01	3.14967587e-07	6.40092753e-02	4.88088443e-05	
1.07726859e+01	2.77713356e-07	6.42845840e-02	4.14307632e-05	
1.08188216e+01	2.67553112e-07	6.45598927e-02	4.59711208e-05	
1.08649573e+01	2.50619370e-07	6.48352014e-02	3.51877715e-05	
1.09110930e+01	1.79497657e-07	6.51105101e-02	2.78096904e-05	
1.09572287e+01	1.79497657e-07	6.53858188e-02	2.38368774e-05	
1.10033644e+01	1.28696433e-07	6.56611275e-02	2.32693327e-05	
1.10495001e+01	1.42243426e-07	6.59364362e-02	2.04316092e-05	
1.10956358e+01	1.01602447e-07	6.62117450e-02	2.21342433e-05	
1.11417715e+01	1.28696433e-07	6.64870537e-02	1.70263410e-05	
1.11879072e+01	5.41879720e-08	6.67623624e-02	1.13508940e-05	
1.12340429e+01	7.45084614e-08	6.70376711e-02	1.75938857e-05	
1.12801786e+01	5.08012237e-08	6.73129798e-02	7.94562582e-06	
1.13263143e+01	3.38674825e-08	6.75882885e-02	7.37808111e-06	
1.13724500e+01	2.70939860e-08	6.78635972e-02	9.08071522e-06	
1.14185857e+01	4.40277272e-08	6.81389059e-02	5.67544701e-06	
1.14647214e+01	2.37072377e-08	6.84142146e-02	8.51317052e-06	
1.15108571e+01	1.01602447e-08	6.86895234e-02	5.10790231e-06	