# Polymer initiate rand trotter 64 temp 20.000000 beta 6.013617 monomerMass 0.031250 feder 877.575194
# Thermostat Nose_Hoover_Chain dtime 0.001000 q1 0.000379 q2 0.000006
# runs 1e+08 warm 1e+07
# velocity 1 relPos 3
# -3.375563e-01 3.982463e+00 -2.921872e-23 2.401435e-02 
-1.15108571e+01	6.57029160e-07	-6.86895234e-02	9.93203227e-05	
-1.14647214e+01	6.67189405e-07	-6.84142146e-02	1.02725591e-04	
-1.14185857e+01	7.92499090e-07	-6.81389059e-02	1.07265949e-04	
-1.13724500e+01	9.00875034e-07	-6.78635972e-02	1.25427379e-04	
-1.13263143e+01	9.61836502e-07	-6.75882885e-02	1.39615996e-04	
-1.12801786e+01	1.24293661e-06	-6.73129798e-02	1.58344972e-04	
-1.12340429e+01	1.32760531e-06	-6.70376711e-02	1.50966890e-04	
-1.11879072e+01	1.22938961e-06	-6.67623624e-02	1.79911670e-04	
-1.11417715e+01	1.45291500e-06	-6.64870537e-02	1.78209036e-04	
-1.10956358e+01	1.52403671e-06	-6.62117450e-02	2.32693327e-04	
-1.10495001e+01	1.68660063e-06	-6.59364362e-02	2.29855604e-04	
-1.10033644e+01	1.99479472e-06	-6.56611275e-02	2.59935473e-04	
-1.09572287e+01	2.04898269e-06	-6.53858188e-02	3.00798692e-04	
-1.09110930e+01	2.37749727e-06	-6.51105101e-02	3.19527667e-04	
-1.08649573e+01	2.62811664e-06	-6.48352014e-02	3.66633877e-04	
-1.08188216e+01	2.86518902e-06	-6.45598927e-02	3.98983925e-04	
-1.07726859e+01	3.26821206e-06	-6.42845840e-02	4.34739241e-04	
-1.07265502e+01	3.33594702e-06	-6.40092753e-02	4.52333127e-04	
-1.06804145e+01	3.57979290e-06	-6.37339666e-02	5.12492865e-04	
-1.06342788e+01	4.01329667e-06	-6.34586578e-02	5.57328896e-04	
-1.05881431e+01	4.19618108e-06	-6.31833491e-02	6.10110554e-04	
-1.05420074e+01	4.57211013e-06	-6.29080404e-02	7.03187885e-04	
-1.04958717e+01	5.42218394e-06	-6.26327317e-02	7.53131818e-04	
-1.04497360e+01	5.76085877e-06	-6.23574230e-02	8.26912629e-04	
-1.04036003e+01	6.48223615e-06	-6.20821143e-02	8.75153929e-04	
-1.03574646e+01	6.78365674e-06	-6.18068056e-02	9.93770772e-04	
-1.03113289e+01	7.16974604e-06	-6.15314969e-02	1.07152440e-03	
-1.02651932e+01	8.29075971e-06	-6.12561882e-02	1.19978950e-03	
-1.02190575e+01	8.64975502e-06	-6.09808795e-02	1.30138000e-03	
-1.01729218e+01	9.79447593e-06	-6.07055707e-02	1.42794247e-03	
-1.01267861e+01	1.06039088e-05	-6.04302620e-02	1.51874962e-03	
-1.00806504e+01	1.12744849e-05	-6.01549533e-02	1.70376919e-03	
-1.00345147e+01	1.27307867e-05	-5.98796446e-02	1.82295358e-03	
-9.98837898e+00	1.39364690e-05	-5.96043359e-02	1.96143449e-03	
-9.94224328e+00	1.54672792e-05	-5.93290272e-02	2.19015500e-03	
-9.89610758e+00	1.61310819e-05	-5.90537185e-02	2.37744475e-03	
-9.84997188e+00	1.83324683e-05	-5.87784098e-02	2.62489424e-03	
-9.80383618e+00	1.94839627e-05	-5.85031011e-02	2.80480591e-03	
-9.75770048e+00	2.12315248e-05	-5.82277923e-02	3.17598015e-03	
-9.71156478e+00	2.31450375e-05	-5.79524836e-02	3.36894535e-03	
-9.66542908e+00	2.52888492e-05	-5.76771749e-02	3.67995984e-03	
-9.61929338e+00	2.74834620e-05	-5.74018662e-02	4.03297265e-03	
-9.57315768e+00	3.00912582e-05	-5.71265575e-02	4.27190896e-03	
-9.52702198e+00	3.28988725e-05	-5.68512488e-02	4.75772723e-03	
-9.48088628e+00	3.61501508e-05	-5.65759401e-02	5.22935688e-03	
-9.43475058e+00	3.85141011e-05	-5.63006314e-02	5.60734165e-03	
-9.38861488e+00	4.20058385e-05	-5.60253227e-02	6.14480648e-03	
-9.34247918e+00	4.56093386e-05	-5.57500139e-02	6.70383801e-03	
-9.29634348e+00	4.91383303e-05	-5.54747052e-02	7.27422043e-03	
-9.25020778e+00	5.34361138e-05	-5.51993965e-02	7.87184500e-03	
-9.20407208e+00	5.79574228e-05	-5.49240878e-02	8.52906177e-03	
-9.15793638e+00	6.28648210e-05	-5.46487791e-02	9.08355294e-03	
-9.11180068e+00	6.77722192e-05	-5.43734704e-02	9.94735598e-03	
-9.06566499e+00	7.43560578e-05	-5.40981617e-02	1.07986730e-02	
-9.01952929e+00	7.83693544e-05	-5.38228530e-02	1.18514684e-02	
-8.97339359e+00	8.60030850e-05	-5.35475443e-02	1.25654397e-02	
-8.92725789e+00	9.33421684e-05	-5.32722355e-02	1.37022317e-02	
-8.88112219e+00	1.01053794e-04	-5.29969268e-02	1.47652429e-02	
-8.83498649e+00	1.09144736e-04	-5.27216181e-02	1.60609475e-02	
-8.78885079e+00	1.18407492e-04	-5.24463094e-02	1.74457566e-02	
-8.74271509e+00	1.28239222e-04	-5.21710007e-02	1.89378316e-02	
-8.69657939e+00	1.36746734e-04	-5.18956920e-02	2.05507936e-02	
-8.65044369e+00	1.48271838e-04	-5.16203833e-02	2.22551304e-02	
-8.60430799e+00	1.59271997e-04	-5.13450746e-02	2.35315384e-02	
-8.55817229e+00	1.73306681e-04	-5.10697659e-02	2.54827571e-02	
-8.51203659e+00	1.86328728e-04	-5.07944572e-02	2.76661015e-02	
-8.46590089e+00	2.00400667e-04	-5.05191484e-02	2.97915564e-02	
-8.41976519e+00	2.15105928e-04	-5.02438397e-02	3.18460683e-02	
-8.37362949e+00	2.33590800e-04	-4.99685310e-02	3.43659667e-02	
-8.32749379e+00	2.50229894e-04	-4.96932223e-02	3.73137939e-02	
-8.28135809e+00	2.68196594e-04	-4.94179136e-02	3.96963466e-02	
-8.23522239e+00	2.89563588e-04	-4.91426049e-02	4.29234057e-02	
-8.18908669e+00	3.09155927e-04	-4.88672962e-02	4.64450206e-02	
-8.14295099e+00	3.34803771e-04	-4.85919875e-02	4.95335989e-02	
-8.09681529e+00	3.60664981e-04	-4.83166788e-02	5.34354687e-02	
-8.05067959e+00	3.84544943e-04	-4.80413700e-02	5.72828542e-02	
-8.00454389e+00	4.15682706e-04	-4.77660613e-02	6.14883605e-02	
-7.95840819e+00	4.44050110e-04	-4.74907526e-02	6.64032976e-02	
-7.91227249e+00	4.75228514e-04	-4.72154439e-02	7.09657894e-02	
-7.86613679e+00	5.08418647e-04	-4.69401352e-02	7.63818685e-02	
-7.82000109e+00	5.48571934e-04	-4.66648265e-02	8.15465253e-02	
-7.77386539e+00	5.87336655e-04	-4.63895178e-02	8.76623870e-02	
-7.72772969e+00	6.28441618e-04	-4.61142091e-02	9.41187755e-02	
-7.68159399e+00	6.73072186e-04	-4.58389004e-02	1.00865747e-01	
-7.63545830e+00	7.17709528e-04	-4.55635916e-02	1.07855060e-01	
-7.58932260e+00	7.68588647e-04	-4.52882829e-02	1.15362541e-01	
-7.54318690e+00	8.21499815e-04	-4.50129742e-02	1.23527239e-01	
-7.49705120e+00	8.80473262e-04	-4.47376655e-02	1.32367316e-01	
-7.45091550e+00	9.38650824e-04	-4.44623568e-02	1.40895810e-01	
-7.40477980e+00	1.00140050e-03	-4.41870481e-02	1.50945891e-01	
-7.35864410e+00	1.06778753e-03	-4.39117394e-02	1.60795062e-01	
-7.31250840e+00	1.14162881e-03	-4.36364307e-02	1.72065365e-01	
-7.26637270e+00	1.21361075e-03	-4.33611220e-02	1.82963358e-01	
-7.22023700e+00	1.29802545e-03	-4.30858132e-02	1.95979428e-01	
-7.17410130e+00	1.38373050e-03	-4.28105045e-02	2.08773021e-01	
-7.12796560e+00	1.47692027e-03	-4.25351958e-02	2.22303287e-01	
-7.08182990e+00	1.57280589e-03	-4.22598871e-02	2.36968074e-01	
-7.03569420e+00	1.67354810e-03	-4.19845784e-02	2.52267377e-01	
-6.98955850e+00	1.77883194e-03	-4.17092697e-02	2.68952056e-01	
-6.94342280e+00	1.89535302e-03	-4.14339610e-02	2.86276925e-01	
-6.89728710e+00	2.01402806e-03	-4.11586523e-02	3.05344725e-01	
-6.85115140e+00	2.14044860e-03	-4.08833436e-02	3.23068011e-01	
-6.80501570e+00	2.27597949e-03	-4.06080348e-02	3.44169323e-01	
-6.75888000e+00	2.41036227e-03	-4.03327261e-02	3.66304701e-01	
-6.71274430e+00	2.56443900e-03	-4.00574174e-02	3.88464484e-01	
-6.66660860e+00	2.72378212e-03	-3.97821087e-02	4.12829745e-01	
-6.62047290e+00	2.88198390e-03	-3.95068000e-02	4.39255194e-01	
-6.57433720e+00	3.05502980e-03	-3.92314913e-02	4.65155664e-01	
-6.52820150e+00	3.24549036e-03	-3.89561826e-02	4.92915978e-01	
-6.48206580e+00	3.43239484e-03	-3.86808739e-02	5.23009468e-01	
-6.43593010e+00	3.63622967e-03	-3.84055652e-02	5.54202293e-01	
-6.38979440e+00	3.85849857e-03	-3.81302565e-02	5.87668134e-01	
-6.34365870e+00	4.07429201e-03	-3.78549477e-02	6.22015939e-01	
-6.29752300e+00	4.31097152e-03	-3.75796390e-02	6.59436999e-01	
-6.25138731e+00	4.56386340e-03	-3.73043303e-02	6.97696322e-01	
-6.20525161e+00	4.82250259e-03	-3.70290216e-02	7.37489151e-01	
-6.15911591e+00	5.08967977e-03	-3.67537129e-02	7.79443758e-01	
-6.11298021e+00	5.37861343e-03	-3.64784042e-02	8.23976153e-01	
-6.06684451e+00	5.67580397e-03	-3.62030955e-02	8.70902452e-01	
-6.02070881e+00	6.00061345e-03	-3.59277868e-02	9.20417889e-01	
-5.97457311e+00	6.32797992e-03	-3.56524781e-02	9.71590557e-01	
-5.92843741e+00	6.67231400e-03	-3.53771693e-02	1.02228649e+00	
-5.88230171e+00	7.03137028e-03	-3.51018606e-02	1.07860395e+00	
-5.83616601e+00	7.40964297e-03	-3.48265519e-02	1.13811782e+00	
-5.79003031e+00	7.78913149e-03	-3.45512432e-02	1.20013116e+00	
-5.74389461e+00	8.21063941e-03	-3.42759345e-02	1.26373419e+00	
-5.69775891e+00	8.62817466e-03	-3.40006258e-02	1.33009492e+00	
-5.65162321e+00	9.08526714e-03	-3.37253171e-02	1.40179001e+00	
-5.60548751e+00	9.55934416e-03	-3.34500084e-02	1.47117575e+00	
-5.55935181e+00	1.00418847e-02	-3.31746997e-02	1.54863142e+00	
-5.51321611e+00	1.05450369e-02	-3.28993909e-02	1.62599116e+00	
-5.46708041e+00	1.10664979e-02	-3.26240822e-02	1.70970060e+00	
-5.42094471e+00	1.16184532e-02	-3.23487735e-02	1.79605650e+00	
-5.37480901e+00	1.21922192e-02	-3.20734648e-02	1.88545047e+00	
-5.32867331e+00	1.27909590e-02	-3.17981561e-02	1.97792109e+00	
-5.28253761e+00	1.33980370e-02	-3.15228474e-02	2.07372831e+00	
-5.23640191e+00	1.40384847e-02	-3.12475387e-02	2.17249188e+00	
-5.19026621e+00	1.47096129e-02	-3.09722300e-02	2.27771807e+00	
-5.14413051e+00	1.53927064e-02	-3.06969213e-02	2.38598517e+00	
-5.09799481e+00	1.61079944e-02	-3.04216125e-02	2.49700202e+00	
-5.05185911e+00	1.68529470e-02	-3.01463038e-02	2.61470511e+00	
-5.00572341e+00	1.76116632e-02	-2.98709951e-02	2.73616252e+00	
-4.95958771e+00	1.84148103e-02	-2.95956864e-02	2.86086911e+00	
-4.91345201e+00	1.92345320e-02	-2.93203777e-02	2.99105989e+00	
-4.86731632e+00	2.00685019e-02	-2.90450690e-02	3.12330916e+00	
-4.82118062e+00	2.09668605e-02	-2.87697603e-02	3.26184909e+00	
-4.77504492e+00	2.18774352e-02	-2.84944516e-02	3.40361495e+00	
-4.72890922e+00	2.28091026e-02	-2.82191429e-02	3.55329976e+00	
-4.68277352e+00	2.37772113e-02	-2.79438342e-02	3.70642388e+00	
-4.63663782e+00	2.47591990e-02	-2.76685254e-02	3.86353615e+00	
-4.59050212e+00	2.58029677e-02	-2.73932167e-02	4.02399749e+00	
-4.54436642e+00	2.68396073e-02	-2.71179080e-02	4.19146688e+00	
-4.49823072e+00	2.79254699e-02	-2.68425993e-02	4.36603001e+00	
-4.45209502e+00	2.90728968e-02	-2.65672906e-02	4.54241326e+00	
-4.40595932e+00	3.02180309e-02	-2.62919819e-02	4.72188621e+00	
-4.35982362e+00	3.14049541e-02	-2.60166732e-02	4.90891716e+00	
-4.31368792e+00	3.26208137e-02	-2.57413645e-02	5.10228135e+00	
-4.26755222e+00	3.38553444e-02	-2.54660558e-02	5.30275913e+00	
-4.22141652e+00	3.51441375e-02	-2.51907470e-02	5.50509052e+00	
-4.17528082e+00	3.64751465e-02	-2.49154383e-02	5.71650944e+00	
-4.12914512e+00	3.78076593e-02	-2.46401296e-02	5.92681483e+00	
-4.08300942e+00	3.91849414e-02	-2.43648209e-02	6.14656019e+00	
-4.03687372e+00	4.05891753e-02	-2.40895122e-02	6.36914441e+00	
-3.99073802e+00	4.20255392e-02	-2.38142035e-02	6.59691826e+00	
-3.94460232e+00	4.34951475e-02	-2.35388948e-02	6.83691873e+00	
-3.89846662e+00	4.49918803e-02	-2.32635861e-02	7.07557184e+00	
-3.85233092e+00	4.65208650e-02	-2.29882774e-02	7.32058146e+00	
-3.80619522e+00	4.80957639e-02	-2.27129686e-02	7.57151397e+00	
-3.76005952e+00	4.97178063e-02	-2.24376599e-02	7.82438805e+00	
-3.71392382e+00	5.13293939e-02	-2.21623512e-02	8.08752788e+00	
-3.66778812e+00	5.30156050e-02	-2.18870425e-02	8.35804977e+00	
-3.62165242e+00	5.46894376e-02	-2.16117338e-02	8.62394559e+00	
-3.57551672e+00	5.64141222e-02	-2.13364251e-02	8.89655434e+00	
-3.52938102e+00	5.81544773e-02	-2.10611164e-02	9.17628123e+00	
-3.48324533e+00	5.99254791e-02	-2.07858077e-02	9.45988389e+00	
-3.43710963e+00	6.16996102e-02	-2.05104990e-02	9.75340211e+00	
-3.39097393e+00	6.35305134e-02	-2.02351902e-02	1.00484845e+01	
-3.34483823e+00	6.54113204e-02	-1.99598815e-02	1.03397564e+01	
-3.29870253e+00	6.72807580e-02	-1.96845728e-02	1.06424371e+01	
-3.25256683e+00	6.91708717e-02	-1.94092641e-02	1.09482432e+01	
-3.20643113e+00	7.11074719e-02	-1.91339554e-02	1.12600301e+01	
-3.16029543e+00	7.30302779e-02	-1.88586467e-02	1.15722285e+01	
-3.11415973e+00	7.49706137e-02	-1.85833380e-02	1.18878384e+01	
-3.06802403e+00	7.69628921e-02	-1.83080293e-02	1.22147322e+01	
-3.02188833e+00	7.89985208e-02	-1.80327206e-02	1.25306622e+01	
-2.97575263e+00	8.09758772e-02	-1.77574118e-02	1.28614182e+01	
-2.92961693e+00	8.30374247e-02	-1.74821031e-02	1.31874375e+01	
-2.88348123e+00	8.50750753e-02	-1.72067944e-02	1.35231901e+01	
-2.83734553e+00	8.71144668e-02	-1.69314857e-02	1.38576147e+01	
-2.79120983e+00	8.92020584e-02	-1.66561770e-02	1.41981063e+01	
-2.74507413e+00	9.12598839e-02	-1.63808683e-02	1.45329310e+01	
-2.69893843e+00	9.33332376e-02	-1.61055596e-02	1.48719686e+01	
-2.65280273e+00	9.54683825e-02	-1.58302509e-02	1.52114460e+01	
-2.60666703e+00	9.75507823e-02	-1.55549422e-02	1.55578390e+01	
-2.56053133e+00	9.96304015e-02	-1.52796335e-02	1.58982523e+01	
-2.51439563e+00	1.01774962e-01	-1.50043247e-02	1.62427355e+01	
-2.46825993e+00	1.03850334e-01	-1.47290160e-02	1.65971660e+01	
-2.42212423e+00	1.05944553e-01	-1.44537073e-02	1.69348364e+01	
-2.37598853e+00	1.08046119e-01	-1.41783986e-02	1.72764336e+01	
-2.32985283e+00	1.10144998e-01	-1.39030899e-02	1.76309424e+01	
-2.28371713e+00	1.12226111e-01	-1.36277812e-02	1.79696179e+01	
-2.23758143e+00	1.14300792e-01	-1.33524725e-02	1.83126516e+01	
-2.19144573e+00	1.16376595e-01	-1.30771638e-02	1.86519792e+01	
-2.14531003e+00	1.18387995e-01	-1.28018551e-02	1.89935440e+01	
-2.09917433e+00	1.20476433e-01	-1.25265463e-02	1.93344687e+01	
-2.05303864e+00	1.22475329e-01	-1.22512376e-02	1.96615890e+01	
-2.00690294e+00	1.24509552e-01	-1.19759289e-02	2.00075217e+01	
-1.96076724e+00	1.26497716e-01	-1.17006202e-02	2.03413327e+01	
-1.91463154e+00	1.28426970e-01	-1.14253115e-02	2.06628667e+01	
-1.86849584e+00	1.30402315e-01	-1.11500028e-02	2.09920903e+01	
-1.82236014e+00	1.32314933e-01	-1.08746941e-02	2.13086497e+01	
-1.77622444e+00	1.34220335e-01	-1.05993854e-02	2.16291524e+01	
-1.73008874e+00	1.36029722e-01	-1.03240767e-02	2.19481449e+01	
-1.68395304e+00	1.37938565e-01	-1.00487679e-02	2.22613404e+01	
-1.63781734e+00	1.39714369e-01	-9.77345924e-03	2.25621896e+01	
-1.59168164e+00	1.41449779e-01	-9.49815052e-03	2.28703630e+01	
-1.54554594e+00	1.43184671e-01	-9.22284181e-03	2.31584402e+01	
-1.49941024e+00	1.44868901e-01	-8.94753310e-03	2.34572689e+01	
-1.45327454e+00	1.46506394e-01	-8.67222439e-03	2.37362484e+01	
-1.40713884e+00	1.48154697e-01	-8.39691568e-03	2.40164423e+01	
-1.36100314e+00	1.49697781e-01	-8.12160697e-03	2.42836674e+01	
-1.31486744e+00	1.51246358e-01	-7.84629826e-03	2.45485711e+01	
-1.26873174e+00	1.52766883e-01	-7.57098955e-03	2.48158716e+01	
-1.22259604e+00	1.54177999e-01	-7.29568084e-03	2.50582461e+01	
-1.17646034e+00	1.55543366e-01	-7.02037213e-03	2.53082734e+01	
-1.13032464e+00	1.56929471e-01	-6.74506342e-03	2.55449532e+01	
-1.08418894e+00	1.58209218e-01	-6.46975470e-03	2.57779535e+01	
-1.03805324e+00	1.59467083e-01	-6.19444599e-03	2.59993959e+01	
-9.91917543e-01	1.60641035e-01	-5.91913728e-03	2.62246952e+01	
-9.45781843e-01	1.61733086e-01	-5.64382857e-03	2.64224278e+01	
-8.99646144e-01	1.62857039e-01	-5.36851986e-03	2.66191615e+01	
-8.53510444e-01	1.63894925e-01	-5.09321115e-03	2.68020891e+01	
-8.07374744e-01	1.64795759e-01	-4.81790244e-03	2.69837465e+01	
-7.61239045e-01	1.65737749e-01	-4.54259373e-03	2.71498146e+01	
-7.15103345e-01	1.66571912e-01	-4.26728502e-03	2.73150820e+01	
-6.68967645e-01	1.67363622e-01	-3.99197631e-03	2.74703185e+01	
-6.22831946e-01	1.68104650e-01	-3.71666760e-03	2.76160384e+01	
-5.76696246e-01	1.68773299e-01	-3.44135889e-03	2.77511396e+01	
-5.30560546e-01	1.69398696e-01	-3.16605017e-03	2.78731532e+01	
-4.84424847e-01	1.69902017e-01	-2.89074146e-03	2.79767312e+01	
-4.38289147e-01	1.70377903e-01	-2.61543275e-03	2.80884938e+01	
-3.92153447e-01	1.70787069e-01	-2.34012404e-03	2.81810099e+01	
-3.46017748e-01	1.71144933e-01	-2.06481533e-03	2.82621847e+01	
-2.99882048e-01	1.71423341e-01	-1.78950662e-03	2.83419417e+01	
-2.53746348e-01	1.71714872e-01	-1.51419791e-03	2.83976213e+01	
-2.07610649e-01	1.71823655e-01	-1.23888920e-03	2.84513161e+01	
-1.61474949e-01	1.71906691e-01	-9.63580488e-04	2.84908899e+01	
-1.15339249e-01	1.71967527e-01	-6.88271777e-04	2.85222138e+01	
-6.92035495e-02	1.71926009e-01	-4.12963066e-04	2.85449632e+01	
-2.30678498e-02	1.71801715e-01	-1.37654355e-04	2.85583130e+01	
2.30678498e-02	1.71677266e-01	1.37654355e-04	2.85594441e+01	
6.92035495e-02	1.71424313e-01	4.12963066e-04	2.85414921e+01	
1.15339249e-01	1.71143985e-01	6.88271777e-04	2.85256185e+01	
1.61474949e-01	1.70751976e-01	9.63580488e-04	2.84922083e+01	
2.07610649e-01	1.70280964e-01	1.23888920e-03	2.84533263e+01	
2.53746348e-01	1.69824640e-01	1.51419791e-03	2.83969884e+01	
2.99882048e-01	1.69318050e-01	1.78950662e-03	2.83365659e+01	
3.46017748e-01	1.68708625e-01	2.06481533e-03	2.82667982e+01	
3.92153447e-01	1.68039045e-01	2.34012404e-03	2.81824985e+01	
4.38289147e-01	1.67287952e-01	2.61543275e-03	2.80887294e+01	
4.84424847e-01	1.66514300e-01	2.89074146e-03	2.79810644e+01	
5.30560546e-01	1.65692425e-01	3.16605017e-03	2.78738184e+01	
5.76696246e-01	1.64740311e-01	3.44135889e-03	2.77412774e+01	
6.22831946e-01	1.63825270e-01	3.71666760e-03	2.76141162e+01	
6.68967645e-01	1.62750746e-01	3.99197631e-03	2.74712896e+01	
7.15103345e-01	1.61670949e-01	4.26728502e-03	2.73209600e+01	
7.61239045e-01	1.60572041e-01	4.54259373e-03	2.71557915e+01	
8.07374744e-01	1.59345272e-01	4.81790244e-03	2.69933721e+01	
8.53510444e-01	1.58150008e-01	5.09321115e-03	2.68131199e+01	
8.99646144e-01	1.56874030e-01	5.36851986e-03	2.66234481e+01	
9.45781843e-01	1.55488833e-01	5.64382857e-03	2.64178835e+01	
9.91917543e-01	1.54117163e-01	5.91913728e-03	2.62159556e+01	
1.03805324e+00	1.52717040e-01	6.19444599e-03	2.60049612e+01	
1.08418894e+00	1.51206486e-01	6.46975470e-03	2.57849349e+01	
1.13032464e+00	1.49711531e-01	6.74506342e-03	2.55528454e+01	
1.17646034e+00	1.48136548e-01	7.02037213e-03	2.53127553e+01	
1.22259604e+00	1.46484526e-01	7.29568084e-03	2.50690431e+01	
1.26873174e+00	1.44883356e-01	7.57098955e-03	2.48217071e+01	
1.31486744e+00	1.43229217e-01	7.84629826e-03	2.45557642e+01	
1.36100314e+00	1.41572772e-01	8.12160697e-03	2.42927730e+01	
1.40713884e+00	1.39758136e-01	8.39691568e-03	2.40172874e+01	
1.45327454e+00	1.37983900e-01	8.67222439e-03	2.37355463e+01	
1.49941024e+00	1.36150297e-01	8.94753310e-03	2.34500231e+01	
1.54554594e+00	1.34336084e-01	9.22284181e-03	2.31568760e+01	
1.59168164e+00	1.32426351e-01	9.49815052e-03	2.28634974e+01	
1.63781734e+00	1.30508340e-01	9.77345924e-03	2.25687868e+01	
1.68395304e+00	1.28614853e-01	1.00487679e-02	2.22663944e+01	
1.73008874e+00	1.26661326e-01	1.03240767e-02	2.19449933e+01	
1.77622444e+00	1.24656869e-01	1.05993854e-02	2.16344090e+01	
1.82236014e+00	1.22694252e-01	1.08746941e-02	2.13204030e+01	
1.86849584e+00	1.20681772e-01	1.11500028e-02	2.09916385e+01	
1.91463154e+00	1.18633117e-01	1.14253115e-02	2.06705586e+01	
1.96076724e+00	1.16674778e-01	1.17006202e-02	2.03350398e+01	
2.00690294e+00	1.14564417e-01	1.19759289e-02	2.00054734e+01	
2.05303864e+00	1.12535524e-01	1.22512376e-02	1.96691714e+01	
2.09917433e+00	1.10466719e-01	1.25265463e-02	1.93334727e+01	
2.14531003e+00	1.08397981e-01	1.28018551e-02	1.89946383e+01	
2.19144573e+00	1.06306177e-01	1.30771638e-02	1.86481602e+01	
2.23758143e+00	1.04237226e-01	1.33524725e-02	1.83022672e+01	
2.28371713e+00	1.02121507e-01	1.36277812e-02	1.79702570e+01	
2.32985283e+00	1.00038884e-01	1.39030899e-02	1.76245967e+01	
2.37598853e+00	9.79707966e-02	1.41783986e-02	1.72777951e+01	
2.42212423e+00	9.59061265e-02	1.44537073e-02	1.69371434e+01	
2.46825993e+00	9.38205737e-02	1.47290160e-02	1.65953675e+01	
2.51439563e+00	9.17229438e-02	1.50043247e-02	1.62441362e+01	
2.56053133e+00	8.96700528e-02	1.52796335e-02	1.58975275e+01	
2.60666703e+00	8.76361310e-02	1.55549422e-02	1.55514416e+01	
2.65280273e+00	8.55516687e-02	1.58302509e-02	1.52133921e+01	
2.69893843e+00	8.35081658e-02	1.61055596e-02	1.48620008e+01	
2.74507413e+00	8.15347042e-02	1.63808683e-02	1.45262164e+01	
2.79120983e+00	7.94974159e-02	1.66561770e-02	1.41873627e+01	
2.83734553e+00	7.75157991e-02	1.69314857e-02	1.38568735e+01	
2.88348123e+00	7.55488536e-02	1.72067944e-02	1.35222423e+01	
2.92961693e+00	7.36018831e-02	1.74821031e-02	1.31833551e+01	
2.97575263e+00	7.16594780e-02	1.77574118e-02	1.28637786e+01	
3.02188833e+00	6.97233486e-02	1.80327206e-02	1.25335215e+01	
3.06802403e+00	6.78355649e-02	1.83080293e-02	1.22076731e+01	
3.11415973e+00	6.59542093e-02	1.85833380e-02	1.18916007e+01	
3.16029543e+00	6.40899501e-02	1.88586467e-02	1.15719345e+01	
3.20643113e+00	6.22965449e-02	1.91339554e-02	1.12582889e+01	
3.25256683e+00	6.04919432e-02	1.94092641e-02	1.09488402e+01	
3.29870253e+00	5.87196917e-02	1.96845728e-02	1.06409348e+01	
3.34483823e+00	5.69610008e-02	1.99598815e-02	1.03471322e+01	
3.39097393e+00	5.52406207e-02	2.02351902e-02	1.00472858e+01	
3.43710963e+00	5.35507011e-02	2.05104990e-02	9.74972272e+00	
3.48324533e+00	5.18800216e-02	2.07858077e-02	9.46049740e+00	
3.52938102e+00	5.02454786e-02	2.10611164e-02	9.17549916e+00	
3.57551672e+00	4.86556882e-02	2.13364251e-02	8.89314680e+00	
3.62165242e+00	4.70599405e-02	2.16117338e-02	8.62010502e+00	
3.66778812e+00	4.55375159e-02	2.18870425e-02	8.35498048e+00	
3.71392382e+00	4.40161073e-02	2.21623512e-02	8.09036674e+00	
3.76005952e+00	4.25276856e-02	2.24376599e-02	7.82422857e+00	
3.80619522e+00	4.10897570e-02	2.27129686e-02	7.57142203e+00	
3.85233092e+00	3.96409637e-02	2.29882774e-02	7.32349807e+00	
3.89846662e+00	3.82640710e-02	2.32635861e-02	7.07942604e+00	
3.94460232e+00	3.69002410e-02	2.35388948e-02	6.83637843e+00	
3.99073802e+00	3.55768183e-02	2.38142035e-02	6.59761123e+00	
4.03687372e+00	3.43042206e-02	2.40895122e-02	6.36937200e+00	
4.08300942e+00	3.30210189e-02	2.43648209e-02	6.14773671e+00	
4.12914512e+00	3.18039368e-02	2.46401296e-02	5.92498109e+00	
4.17528082e+00	3.06022000e-02	2.49154383e-02	5.71829153e+00	
4.22141652e+00	2.94245361e-02	2.51907470e-02	5.50285269e+00	
4.26755222e+00	2.83273584e-02	2.54660558e-02	5.29890551e+00	
4.31368792e+00	2.72185540e-02	2.57413645e-02	5.10075749e+00	
4.35982362e+00	2.61119543e-02	2.60166732e-02	4.90826619e+00	
4.40595932e+00	2.50813770e-02	2.62919819e-02	4.72241346e+00	
4.45209502e+00	2.40521814e-02	2.65672906e-02	4.54035250e+00	
4.49823072e+00	2.30875034e-02	2.68425993e-02	4.36319115e+00	
4.54436642e+00	2.21517449e-02	2.71179080e-02	4.19319619e+00	
4.59050212e+00	2.12281787e-02	2.73932167e-02	4.02411895e+00	
4.63663782e+00	2.03362243e-02	2.76685254e-02	3.86340845e+00	
4.68277352e+00	1.94642924e-02	2.79438342e-02	3.70443521e+00	
4.72890922e+00	1.86164200e-02	2.82191429e-02	3.55086045e+00	
4.77504492e+00	1.78369531e-02	2.84944516e-02	3.40685336e+00	
4.82118062e+00	1.70333252e-02	2.87697603e-02	3.26247793e+00	
4.86731632e+00	1.62805493e-02	2.90450690e-02	3.12473370e+00	
4.91345201e+00	1.55610414e-02	2.93203777e-02	2.98814953e+00	
4.95958771e+00	1.48642586e-02	2.95956864e-02	2.86118013e+00	
5.00572341e+00	1.41881214e-02	2.98709951e-02	2.73380948e+00	
5.05185911e+00	1.35395388e-02	3.01463038e-02	2.61438615e+00	
5.09799481e+00	1.28976314e-02	3.04216125e-02	2.49841407e+00	
5.14413051e+00	1.23048353e-02	3.06969213e-02	2.38525190e+00	
5.19026621e+00	1.17243230e-02	3.09722300e-02	2.27709831e+00	
5.23640191e+00	1.11547634e-02	3.12475387e-02	2.17432504e+00	
5.28253761e+00	1.06203988e-02	3.15228474e-02	2.07435999e+00	
5.32867331e+00	1.01071439e-02	3.17981561e-02	1.97769010e+00	
5.37480901e+00	9.61095482e-03	3.20734648e-02	1.88572402e+00	
5.42094471e+00	9.13857117e-03	3.23487735e-02	1.79522051e+00	
5.46708041e+00	8.69338650e-03	3.26240822e-02	1.70779422e+00	
5.51321611e+00	8.24464913e-03	3.28993909e-02	1.62707858e+00	
5.55935181e+00	7.82921027e-03	3.31746997e-02	1.54789588e+00	
5.60548751e+00	7.43428833e-03	3.34500084e-02	1.47194534e+00	
5.65162321e+00	7.05636110e-03	3.37253171e-02	1.39921108e+00	
5.69775891e+00	6.69100885e-03	3.40006258e-02	1.32872487e+00	
5.74389461e+00	6.33289748e-03	3.42759345e-02	1.26260421e+00	
5.79003031e+00	5.99576024e-03	3.45512432e-02	1.19943535e+00	
5.83616601e+00	5.68114826e-03	3.48265519e-02	1.13926369e+00	
5.88230171e+00	5.38098415e-03	3.51018606e-02	1.07924584e+00	
5.92843741e+00	5.09120720e-03	3.53771693e-02	1.02374564e+00	
5.97457311e+00	4.81549880e-03	3.56524781e-02	9.69273272e-01	
6.02070881e+00	4.54956455e-03	3.59277868e-02	9.19892343e-01	
6.06684451e+00	4.30293138e-03	3.62030955e-02	8.70185075e-01	
6.11298021e+00	4.06268224e-03	3.64784042e-02	8.24150389e-01	
6.15911591e+00	3.83476424e-03	3.67537129e-02	7.78479500e-01	
6.20525161e+00	3.61385004e-03	3.70290216e-02	7.37943187e-01	
6.25138731e+00	3.40455916e-03	3.73043303e-02	6.97569192e-01	
6.29752300e+00	3.21473869e-03	3.75796390e-02	6.59478429e-01	
6.34365870e+00	3.04048372e-03	3.78549477e-02	6.22311062e-01	
6.38979440e+00	2.84781500e-03	3.81302565e-02	5.88831033e-01	
6.43593010e+00	2.69029056e-03	3.84055652e-02	5.54240886e-01	
6.48206580e+00	2.53586500e-03	3.86808739e-02	5.23981672e-01	
6.52820150e+00	2.37984090e-03	3.89561826e-02	4.94655503e-01	
6.57433720e+00	2.23538254e-03	3.92314913e-02	4.64706169e-01	
6.62047290e+00	2.10241880e-03	3.95068000e-02	4.38958936e-01	
6.66660860e+00	1.97465711e-03	3.97821087e-02	4.13251999e-01	
6.71274430e+00	1.85678134e-03	4.00574174e-02	3.90484375e-01	
6.75888000e+00	1.74021624e-03	4.03327261e-02	3.66141248e-01	
6.80501570e+00	1.63866121e-03	4.06080348e-02	3.45373652e-01	
6.85115140e+00	1.53713327e-03	4.08833436e-02	3.24825696e-01	
6.89728710e+00	1.44293425e-03	4.11586523e-02	3.05489449e-01	
6.94342280e+00	1.35062843e-03	4.14339610e-02	2.86793959e-01	
6.98955850e+00	1.25825826e-03	4.17092697e-02	2.69230720e-01	
7.03569420e+00	1.18795614e-03	4.19845784e-02	2.52896216e-01	
7.08182990e+00	1.10898733e-03	4.22598871e-02	2.37270575e-01	
7.12796560e+00	1.03623320e-03	4.25351958e-02	2.23100119e-01	
7.17410130e+00	9.68430501e-04	4.28105045e-02	2.08742374e-01	
7.22023700e+00	9.08938881e-04	4.30858132e-02	1.95882946e-01	
7.26637270e+00	8.49880765e-04	4.33611220e-02	1.83295372e-01	
7.31250840e+00	7.88248721e-04	4.36364307e-02	1.71931424e-01	
7.35864410e+00	7.40333007e-04	4.39117394e-02	1.61296772e-01	
7.40477980e+00	6.92207314e-04	4.41870481e-02	1.50733630e-01	
7.45091550e+00	6.42909807e-04	4.44623568e-02	1.41442923e-01	
7.49705120e+00	6.00920902e-04	4.47376655e-02	1.31840634e-01	
7.54318690e+00	5.57485856e-04	4.50129742e-02	1.23455729e-01	
7.58932260e+00	5.22141751e-04	4.52882829e-02	1.15638935e-01	
7.63545830e+00	4.84308386e-04	4.55635916e-02	1.07449833e-01	
7.68159399e+00	4.53986829e-04	4.58389004e-02	1.00287419e-01	
7.72772969e+00	4.21558715e-04	4.61142091e-02	9.39922130e-02	
7.77386539e+00	3.92087231e-04	4.63895178e-02	8.78871347e-02	
7.82000109e+00	3.64769720e-04	4.66648265e-02	8.19074837e-02	
7.86613679e+00	3.41296168e-04	4.69401352e-02	7.59760740e-02	
7.91227249e+00	3.16552585e-04	4.72154439e-02	7.12603451e-02	
7.95840819e+00	2.93482056e-04	4.74907526e-02	6.64424582e-02	
8.00454389e+00	2.72809345e-04	4.77660613e-02	6.18941549e-02	
8.05067959e+00	2.54107721e-04	4.80413700e-02	5.74292808e-02	
8.09681529e+00	2.34789709e-04	4.83166788e-02	5.36942691e-02	
8.14295099e+00	2.17913542e-04	4.85919875e-02	4.98321274e-02	
8.18908669e+00	2.04532500e-04	4.88672962e-02	4.64592092e-02	
8.23522239e+00	1.86623375e-04	4.91426049e-02	4.28740294e-02	
8.28135809e+00	1.72659812e-04	4.94179136e-02	4.01469771e-02	
8.32749379e+00	1.59353279e-04	4.96932223e-02	3.72218517e-02	
8.37362949e+00	1.48742596e-04	4.99685310e-02	3.46752786e-02	
8.41976519e+00	1.37556167e-04	5.02438397e-02	3.21491371e-02	
8.46590089e+00	1.28682886e-04	5.05191484e-02	2.98585267e-02	
8.51203659e+00	1.16497366e-04	5.07944572e-02	2.74844872e-02	
8.55817229e+00	1.09659522e-04	5.10697659e-02	2.54203272e-02	
8.60430799e+00	1.01622768e-04	5.13450746e-02	2.35916981e-02	
8.65044369e+00	9.23430777e-05	5.16203833e-02	2.20695432e-02	
8.69657939e+00	8.55865150e-05	5.18956920e-02	2.04577163e-02	
8.74271509e+00	7.89721956e-05	5.21710007e-02	1.87738112e-02	
8.78885079e+00	7.27473524e-05	5.24463094e-02	1.75371313e-02	
8.83498649e+00	6.68205429e-05	5.27216181e-02	1.61341608e-02	
8.88112219e+00	6.18860507e-05	5.29969268e-02	1.51886313e-02	
8.92725789e+00	5.73579683e-05	5.32722355e-02	1.39337900e-02	
8.97339359e+00	5.24641171e-05	5.35475443e-02	1.28480769e-02	
9.01952929e+00	4.86845061e-05	5.38228530e-02	1.18821159e-02	
9.06566499e+00	4.47253974e-05	5.40981617e-02	1.10262585e-02	
9.11180068e+00	4.11117370e-05	5.43734704e-02	1.00171640e-02	
9.15793638e+00	3.81246250e-05	5.46487791e-02	9.20216978e-03	
9.20407208e+00	3.47514238e-05	5.49240878e-02	8.49444154e-03	
9.25020778e+00	3.13511285e-05	5.51993965e-02	7.90078978e-03	
9.29634348e+00	2.99117605e-05	5.54747052e-02	7.29635468e-03	
9.34247918e+00	2.73242849e-05	5.57500139e-02	6.76910565e-03	
9.38861488e+00	2.45132838e-05	5.60253227e-02	6.20439867e-03	
9.43475058e+00	2.26946000e-05	5.63006314e-02	5.69985143e-03	
9.48088628e+00	2.09842921e-05	5.65759401e-02	5.23446478e-03	
9.52702198e+00	1.91486746e-05	5.68512488e-02	4.89393796e-03	
9.57315768e+00	1.74756210e-05	5.71265575e-02	4.38995826e-03	
9.61929338e+00	1.61310819e-05	5.74018662e-02	4.01708139e-03	
9.66542908e+00	1.46984874e-05	5.76771749e-02	3.70266163e-03	
9.71156478e+00	1.35334460e-05	5.79524836e-02	3.38256642e-03	
9.75770048e+00	1.21245587e-05	5.82277923e-02	3.20776265e-03	
9.80383618e+00	1.12575512e-05	5.85031011e-02	2.82864279e-03	
9.84997188e+00	1.05869750e-05	5.87784098e-02	2.61808371e-03	
9.89610758e+00	9.69964698e-06	5.90537185e-02	2.42511851e-03	
9.94224328e+00	8.85973342e-06	5.93290272e-02	2.34963506e-03	
9.98837898e+00	7.66082454e-06	5.96043359e-02	1.98697400e-03	
1.00345147e+01	6.89541943e-06	5.98796446e-02	1.90808529e-03	
1.00806504e+01	6.52287712e-06	6.01549533e-02	1.77982018e-03	
1.01267861e+01	5.78456601e-06	6.04302620e-02	1.55053212e-03	
1.01729218e+01	5.32735499e-06	6.07055707e-02	1.43532055e-03	
1.02190575e+01	5.03948139e-06	6.09808795e-02	1.31897389e-03	
1.02651932e+01	4.56194989e-06	6.12561882e-02	1.22305883e-03	
1.03113289e+01	4.03361716e-06	6.15314969e-02	1.05449805e-03	
1.03574646e+01	3.70171583e-06	6.18068056e-02	9.92068137e-04	
1.04036003e+01	3.40029524e-06	6.20821143e-02	9.17152237e-04	
1.04497360e+01	3.09887465e-06	6.23574230e-02	8.29182808e-04	
1.04958717e+01	2.74665283e-06	6.26327317e-02	7.55401997e-04	
1.05420074e+01	2.60440940e-06	6.29080404e-02	7.34970388e-04	
1.05881431e+01	2.37072377e-06	6.31833491e-02	6.51541317e-04	
1.06342788e+01	2.13026465e-06	6.34586578e-02	5.80598229e-04	
1.06804145e+01	1.87964528e-06	6.37339666e-02	5.46545547e-04	
1.07265502e+01	1.74078860e-06	6.40092753e-02	4.94898979e-04	
1.07726859e+01	1.74756210e-06	6.42845840e-02	4.35306786e-04	
1.08188216e+01	1.41227402e-06	6.45598927e-02	3.97281291e-04	
1.08649573e+01	1.34792580e-06	6.48352014e-02	3.77417226e-04	
1.09110930e+01	1.24971010e-06	6.51105101e-02	3.47337357e-04	
1.09572287e+01	1.08714619e-06	6.53858188e-02	2.95123245e-04	
1.10033644e+01	9.04261782e-07	6.56611275e-02	2.80934627e-04	
1.10495001e+01	9.65223251e-07	6.59364362e-02	2.46314400e-04	
1.10956358e+01	7.38311118e-07	6.62117450e-02	2.63340741e-04	
1.11417715e+01	6.50255664e-07	6.64870537e-02	2.25315246e-04	
1.11879072e+01	6.43482167e-07	6.67623624e-02	1.90695020e-04	
1.12340429e+01	5.89294195e-07	6.70376711e-02	1.72533589e-04	
1.12801786e+01	5.58813461e-07	6.73129798e-02	1.65155508e-04	
1.13263143e+01	5.75747202e-07	6.75882885e-02	1.48696712e-04	
1.13724500e+01	4.26730279e-07	6.78635972e-02	1.25427379e-04	
1.14185857e+01	4.26730279e-07	6.81389059e-02	1.29967737e-04	
1.14647214e+01	3.08194091e-07	6.84142146e-02	1.08968583e-04	
1.15108571e+01	2.91260349e-07	6.86895234e-02	9.30773310e-05	